1.23966	-0.642033
0.980365	-0.439417
1.11979	-0.495139
1.16503	-0.693777
1.00843	-0.597832
0.752399	-0.240124
0.880625	-0.439518
1.11264	-0.465275
1.06555	-0.329197
0.795892	-0.181793
0.901392	-0.519403
0.729894	-0.202623
0.960371	-0.0985882
0.840065	0.119721
0.88745	-0.0148647
0.645418	0.0613461
0.628341	-0.291464
0.926002	-0.020174
0.758726	-0.0611275
0.667609	-0.204088
0.674434	-0.232559
0.540067	-0.0492663
0.739528	-0.158051
0.8275	-0.287615
0.66362	0.155206
0.725084	-0.00451297
0.677934	-0.0833646
0.840583	-0.280757
0.796118	-0.282439
0.819935	-0.0363986
0.783142	-0.0797307
0.746976	-0.206333
0.680517	-0.245116
0.899054	-0.323913
0.730355	-0.293666
0.813805	-0.611129
0.760557	-0.449117
0.601311	-0.194104
0.76368	-0.286067
1.16439	-0.595564
0.975225	-0.565147
1.10848	-0.0977434
1.06361	0.362703
0.813957	0.350142
1.05107	0.154523
0.855013	0.34794
1.06363	0.667115
0.819818	0.421806
0.95331	-0.018838
0.670967	-1.04776
1.02095	-1.44004
1.10528	-1.51663
1.21783	-1.74415
1.24116	-1.73394
1.31863	-1.79074
1.64112	-2.22465
1.36649	-1.9974
1.4125	-2.08427
1.11108	-1.73387
0.622694	-0.674397
0.488638	-0.106911
0.274472	-1.34396
0.120786	-1.34884
0.022158	-1.34243
-0.0311279	-1.39171
0.0887602	-1.56021
0.0712432	-1.35924
0.240045	-1.25225
0.61341	-0.879758
0.646997	-0.433837
0.837877	-0.031265
0.726622	0.0700412
0.901587	0.226114
0.875918	0.198539
1.01214	-0.0194246
0.806765	0.0625298
0.845264	0.177907
0.968383	0.324932
0.859502	0.169919
0.998596	0.157621
1.07572	-1.20681
1.13535	-1.27572
1.14598	-1.34535
0.979629	-1.15101
1.05749	-1.29025
0.972682	-1.17838
1.06092	-1.28002
1.23876	-1.44808
1.3118	-1.51734
1.54817	-1.87286
2.10931	-2.6094
1.95221	-2.25075
1.73452	-2.12907
1.32739	-1.66902
1.42147	-1.69577
1.26471	-1.48303
1.20226	-1.29498
1.24165	-1.24926
1.03332	-1.1425
1.12543	-0.790481
0.930749	-0.820847
1.41263	-1.1817
1.59249	-1.79147
1.71963	-1.98525
2.06743	-2.4167
2.27398	-2.71466
2.13513	-2.26417
1.31513	-0.981497
1.11805	-1.02743
0.98739	-1.05239
1.18644	-1.40794
1.62234	-1.73967
2.0141	-2.35524
1.72041	-2.5652
1.52989	-2.33855
1.80109	-2.61381
1.37744	-1.85903
0.76677	-1.10197
0.361474	-0.495547
0.558578	-0.325466
0.642279	-0.53307
1.65199	-1.37682
0.402663	-0.263904
0.090074	-0.20917
0.787364	-0.590454
1.58249	-1.67469
1.9677	-2.31294
1.06101	-1.02715
1.80646	-1.97436
1.6651	-2.05283
2.03376	-2.79525
1.98102	-2.72646
2.23809	-2.93209
2.48237	-2.78971
2.20744	-2.22706
1.74779	-1.47861
1.19802	-0.720941
1.47079	-0.872284
1.37934	-0.793436
1.3917	-0.835177
1.39978	-0.875199
1.08902	-0.46988
0.926091	-0.0970919
1.06997	-0.091746
1.10036	-0.0966913
1.16858	-0.0784978
1.36317	-0.409167
1.39138	-0.617503
1.30388	-0.629398
1.41998	-1.00769
1.31054	-1.11017
0.872306	-0.935105
0.570874	-0.92252
1.15045	-1.18061
1.53003	-1.52356
1.67224	-1.6738
1.32413	-1.23948
0.622527	-0.98649
0.46806	-1.06132
0.173327	-0.970432
0.175712	-0.996454
0.330287	-0.996824
0.505097	-1.07089
1.18864	-1.48759
1.19603	-1.20772
1.33719	-1.44127
1.53197	-1.92137
1.18122	-1.11427
1.12029	-0.949443
0.935024	-0.751394
0.943255	-0.822394
0.953129	-0.481774
0.958317	-0.65432
0.747897	-0.209439
0.668097	-0.247983
0.932307	-0.149509
1.03321	-0.248574
0.734592	-0.466312
0.377123	-1.39888
0.215996	-1.2258
0.0707412	-1.29099
0.200965	-1.27046
0.623887	-1.32635
0.222642	-0.452354
0.264819	-0.550433
0.832067	-0.973748
0.942723	-0.906281
0.907248	-0.583981
0.902962	-0.535214
0.863535	-0.466833
0.61958	-0.0763046
0.481846	0.00810905
0.453998	0.199628
0.793807	0.323614
0.435486	0.177569
0.562175	-0.802858
1.20825	-1.42942
1.61146	-1.6591
1.48916	-1.35594
1.67973	-1.68892
1.6747	-1.5308
1.77171	-1.53386
2.63688	-2.31332
2.08164	-1.52771
1.99855	-1.4045
1.90808	-0.980799
2.03476	-1.01488
1.90218	-0.636381
1.80958	-0.606878
1.98823	-1.06298
1.9429	-0.919868
1.61633	-0.744458
1.40735	-0.6972
1.0513	-0.615296
0.8626	-0.50199
1.12638	-0.828864
1.01411	-0.503463
0.865874	-0.269924
0.705386	-0.300037
0.804746	-0.256273
0.78681	-0.189246
0.763678	-0.350479
0.602207	-0.0857786
0.558411	-0.100664
0.814092	-0.392071
0.630268	-0.185816
0.473495	0.0532521
0.669546	-0.221064
0.72204	-0.0941629
0.855783	-0.205229
0.832159	-0.281048
1.14631	-0.661284
0.803506	-0.362259
0.647749	-0.276629
0.792435	-0.0552544
0.788293	-0.19786
0.757046	0.0133807
0.983003	-0.390032
0.870079	-0.416199
0.707605	-0.277038
0.815913	0.0063321
0.845546	0.0380919
0.700699	-0.165574
0.676745	-0.0429721
0.87375	-0.0373993
0.818624	-0.104262
0.64653	-0.123546
0.674007	-0.0259431
0.492252	-0.180293
0.697121	-0.0640277
0.565684	-0.0446109
0.640404	-0.117328
0.6184	-0.0836052
0.422995	-0.337352
0.557575	-0.118089
0.55233	-0.199124
0.7095	-0.447556
0.574895	-0.375986
0.516259	-0.162111
0.437751	-0.202014
0.524369	-0.166782
0.645989	-0.56284
0.723482	-0.404752
0.656594	-0.727726
0.642039	-0.558262
0.537573	-0.444366
0.46449	-0.407641
0.511387	-0.457194
0.363718	-0.246902
0.584721	-0.350871
0.739462	-0.452136
0.677671	-0.243454
0.677363	0.161136
0.488483	0.222782
0.676698	-0.113415
0.698087	0.0912572
0.668955	0.347602
0.733684	0.391114
0.81876	0.161713
0.889807	0.382928
0.849856	0.211489
1.04068	0.327562
0.795983	0.294521
0.91431	0.287799
0.890125	0.454598
0.98961	0.474397
0.851647	0.510259
0.93832	0.425837
1.05427	0.524824
0.822275	-0.000828494
0.407738	-0.899531
0.794794	-1.68899
0.529126	-1.43374
0.341738	-1.34355
0.223622	-1.24893
0.141842	-1.24674
0.0885392	-1.19831
0.0443443	-1.2451
0.0159046	-1.21049
0.0395867	-1.21966
0.0219895	-1.22496
0.0749938	-1.17321
0.206619	-1.24122
0.347517	-1.21382
0.474283	-1.15766
0.816891	-1.06548
1.08344	-1.0423
1.3358	-1.17599
1.14212	-0.966703
0.794934	-0.333603
0.543757	0.168343
0.907582	-0.110774
0.649619	0.281073
0.874245	-0.0399411
1.74147	-0.90041
1.95178	-1.14833
1.78094	-1.22011
1.44716	-1.0605
1.26201	-1.19642
0.933362	-1.16012
0.812613	-1.07166
1.3608	-1.6398
1.14682	-1.67872
1.51455	-2.19871
1.35103	-2.07236
1.14322	-1.92358
1.305	-2.14486
1.19512	-1.89482
0.903613	-1.41269
0.827397	-1.2707
0.934693	-1.33469
0.736398	-1.099
0.72554	-1.08536
0.718097	-1.10636
0.461191	-1.10484
-0.232627	-0.626707
-0.350614	-0.465971
-0.226389	-0.445209
-0.00342437	-0.294279
-0.225343	-0.54155
-0.130355	-0.628358
0.563309	-1.26396
0.594575	-1.39737
0.567131	-1.39585
0.600987	-1.46144
0.747212	-1.60411
0.955704	-1.76163
1.19218	-1.99954
1.13213	-1.61474
1.15	-1.42602
1.16317	-1.31075
1.19142	-1.20593
1.18909	-1.29682
1.12466	-1.09163
1.33198	-1.29069
0.812461	-0.664168
0.813388	-0.592068
0.934872	-0.917567
1.15297	-0.881765
1.14096	-0.76392
0.603535	-0.496385
0.848405	-0.216321
0.703938	-0.368217
0.914288	-0.996217
0.699907	-0.90944
0.593366	-0.909262
0.640104	-1.03679
0.675261	-1.14116
0.584907	-1.19856
0.616505	-1.22588
0.612498	-1.2918
0.670718	-1.43292
0.737608	-1.53886
0.689528	-1.43233
0.789339	-1.46993
0.965816	-1.57031
0.7586	-1.3074
0.811143	-1.51924
0.572181	-1.29766
0.594124	-1.0994
0.326628	-0.840429
0.525903	-0.988335
0.222517	-0.745488
0.220449	-0.748807
0.381245	-0.856881
0.961088	-1.42194
1.03737	-1.29214
0.801932	-0.869061
0.59329	-0.820118
0.264607	-0.47099
0.739589	-0.726125
0.552592	-0.319947
0.747142	-0.220694
0.567746	-0.880531
0.883595	-1.22385
1.15281	-1.54362
1.22705	-1.71841
1.09542	-1.19412
1.23945	-1.24542
1.46217	-1.20962
1.72136	-1.37517
1.96587	-1.71609
2.12839	-2.39456
2.59965	-3.35537
2.10889	-2.70932
2.24928	-3.10272
2.04566	-2.80087
1.88501	-2.63696
2.00875	-2.78922
1.07733	-1.64531
0.459703	-1.10957
0.352757	-0.81805
0.50823	-0.876036
0.498304	-1.54361
0.354027	-1.48827
0.309606	-1.47193
0.304334	-1.49761
0.382861	-1.45649
0.572947	-1.54273
0.778958	-1.5541
1.08171	-1.76695
1.10319	-1.64634
1.5494	-2.12345
1.39369	-1.84924
1.20506	-1.41253
1.06846	-1.06411
1.04112	-1.0871
0.773497	-0.656618
0.852941	-0.824461
0.38448	-0.340011
0.262156	-0.220247
0.140329	0.014098
1.23078	-1.03349
1.52058	-1.21993
1.46683	-0.936372
1.09592	-0.268977
0.586826	0.355219
0.767568	-0.0799019
0.861272	-0.488538
0.74868	-0.823323
0.560023	-1.05426
0.305155	-1.08446
0.297409	-1.13196
0.543547	-1.29426
0.882127	-1.56138
0.573271	-0.998342
0.346689	-1.09171
0.354781	-1.0463
0.372499	-0.986165
0.489889	-0.855678
0.539867	-0.621563
0.903482	-0.283955
0.477398	0.0568107
0.0221993	-0.150793
0.50411	0.0938456
0.66951	0.131447
0.67288	-0.274066
0.639407	-0.535238
0.677245	-1.43011
0.675213	-1.5481
0.402185	-1.3229
0.413595	-1.29419
0.712737	-1.46707
0.626058	-1.00694
0.527973	-0.703178
1.51555	-2.11061
0.921667	-1.33706
0.951205	-1.04522
1.0735	-0.903682
0.988568	-0.639168
1.3949	-1.03102
1.93353	-1.62341
1.76916	-1.62306
1.34279	-1.23088
0.958672	-0.82228
0.977226	-0.741722
0.548543	-0.414229
1.02737	-0.327226
1.13921	-0.393592
1.08818	-0.30603
1.35113	-1.23608
2.68661	-3.49071
2.24065	-2.99661
1.83524	-2.35026
1.62657	-1.88076
1.24269	-1.12156
0.872307	-0.904951
0.460916	-0.385141
1.55643	-1.58445
1.38748	-1.54649
1.40318	-1.54924
1.24283	-1.30731
1.12663	-1.21994
0.933289	-1.02477
1.1213	-1.24571
1.22407	-1.37229
1.09865	-1.14142
1.33738	-1.3842
1.3623	-1.35762
1.65556	-1.6841
1.58473	-1.90094
1.53288	-1.8033
1.19076	-1.44653
1.16654	-1.52787
1.14249	-1.44178
1.0808	-1.17427
0.966494	-1.25289
0.826161	-0.998701
0.744951	-0.904913
0.512418	-0.709922
0.472893	-0.717654
0.329264	-0.640552
0.388061	0.145642
0.146338	0.356197
0.0359864	0.0137912
0.507708	0.594556
0.189716	0.272842
0.0693678	0.207517
-0.106039	0.102336
0.161014	0.371804
0.33696	0.100389
0.344851	0.211233
0.117601	0.13973
0.0139224	0.0984805
0.287885	0.0774886
0.367461	-0.0962744
0.0851248	-0.028631
0.244767	0.428679
-0.0883638	0.0238033
-0.211047	0.24663
-0.104294	0.428851
0.0234817	0.57037
0.0199452	0.584447
0.073518	0.301429
0.385988	0.327865
0.350479	-0.349238
0.751097	-0.988726
0.708202	-0.611828
0.553672	-0.0986168
0.210733	0.0425915
0.579227	-0.0220107
0.387275	0.0723661
0.538904	-0.19166
0.307329	0.158144
0.270269	-0.0102749
1.30004	-0.651349
1.00744	-0.18372
0.809887	-0.180911
0.799822	-0.178813
0.889184	-0.192169
1.03042	-0.37226
1.1582	-0.571853
1.17585	-0.687751
1.10104	-0.619742
1.14626	-0.377565
1.13733	-0.552815
0.790671	-0.117139
1.15156	-0.619299
1.16788	-0.381137
0.754536	-0.25286
0.940037	-0.610688
0.701487	-0.357773
0.77352	-0.557342
1.65311	-1.72177
1.37562	-1.4291
1.85286	-2.27233
1.75044	-2.07132
1.61248	-1.93112
1.53216	-1.97876
1.48249	-1.68989
1.56654	-1.82193
1.59848	-1.92648
1.55666	-1.79191
1.93328	-2.33285
2.15212	-2.75915
2.29527	-3.08176
2.23265	-3.07288
1.66646	-2.42853
1.27481	-2.07983
0.758923	-1.54551
0.618533	-1.33954
0.418882	-1.28588
0.360844	-1.25316
0.492959	-1.36361
0.656579	-1.49463
0.922672	-1.66812
1.33418	-1.82643
1.16514	-1.49417
0.980341	-1.36669
0.837751	-1.07854
0.983198	-1.25091
0.828278	-1.08262
0.835232	-0.927589
0.457754	-0.393274
0.806755	0.26381
0.970559	-0.378937
0.911416	-0.247023
0.426366	-0.529364
1.03056	-1.08457
1.08648	-1.09065
0.910275	-0.934077
0.625506	-0.516049
0.525701	-0.390618
0.757799	-0.568106
0.7994	-0.471388
0.921954	-0.470526
0.842072	-0.250218
0.788967	-0.231835
1.07986	-0.516517
1.11663	-0.646083
1.32819	-1.0039
1.14921	-0.667192
1.04712	-0.521669
0.824472	-0.311482
1.14124	0.26498
1.298	-0.884901
1.75421	-1.88286
1.68084	-1.69615
1.6256	-1.66235
1.64082	-1.60474
1.97254	-2.02641
1.95193	-2.00353
1.86831	-1.7697
1.85641	-1.7932
2.2606	-2.2193
1.91461	-1.88814
1.78185	-1.67793
1.8682	-1.74918
2.02438	-1.92136
2.08765	-1.92778
1.89117	-1.59924
1.98927	-1.66856
2.01205	-1.60744
2.25497	-1.93913
2.17141	-1.72476
2.0374	-1.54383
2.19206	-1.77126
2.1676	-1.81556
2.01408	-1.61608
2.04788	-1.68391
2.01925	-1.72728
1.96784	-1.7739
1.82187	-1.5837
2.06789	-1.97966
1.79768	-1.53649
1.73493	-1.432
1.64307	-1.33737
1.63648	-1.44311
1.79525	-1.77768
1.80536	-1.86821
2.15463	-2.2245
2.30105	-2.45458
2.31295	-2.51628
2.18171	-2.39991
1.69839	-1.64793
1.95981	-2.09229
2.01247	-2.20146
1.83378	-2.05996
1.64148	-1.86992
1.46451	-1.47121
0.131372	-0.227581
0.116618	-0.450578
0.381936	-0.141945
0.723628	0.458702
0.618542	0.24892
0.776143	0.283439
0.793117	-0.504086
1.09374	-0.852248
1.25742	-1.35489
1.63479	-1.89241
1.57886	-1.72085
1.70922	-1.88384
1.98649	-2.16896
1.48126	-1.70113
0.833561	-1.0585
0.586318	-0.906607
0.548567	-0.814024
0.736942	-0.974979
0.976422	-1.13942
-0.0102942	-0.292297
-0.305552	-0.223793
0.0653154	-0.198327
-0.00833803	-0.378242
0.215678	-0.0930097
0.681365	-0.246024
0.0759696	-0.448371
0.612153	-0.568325
1.30748	-0.797422
1.45533	-0.955044
0.584555	-0.166551
0.860874	-0.735308
0.76596	-0.821493
0.859528	-1.32229
0.777141	-1.56331
0.689782	-1.39402
0.646657	-1.47016
0.487106	-1.21518
0.568456	-1.28663
0.806618	-1.28716
0.916984	-1.33189
0.926592	-0.986606
1.32263	-1.23397
1.26101	-1.06717
1.21169	-0.892939
1.00587	-0.687759
1.38207	-1.152
1.20585	-1.11453
0.955335	-1.07029
0.537532	-1.05155
0.29482	-1.01184
0.108241	-0.831651
1.10286	-1.05892
1.68489	-1.48647
1.51533	-1.3651
1.3427	-1.26681
1.45064	-1.35328
1.57464	-1.43908
1.6059	-1.56378
1.46917	-1.62691
0.996862	-0.933346
1.00385	-0.952044
1.23399	-1.19883
0.942653	-1.11064
1.05311	-1.13862
0.985876	-1.089
1.10269	-1.22339
1.14254	-1.22032
0.854868	-0.770442
0.380182	-0.231404
0.239603	0.100843
0.611493	-0.198621
0.89546	-0.56908
0.745564	-0.395386
0.940559	-0.492354
0.934854	-0.575821
0.886817	-0.629537
0.911651	-0.693371
0.847102	-0.424297
0.770446	-0.500882
0.716679	-0.520754
0.690512	-0.379352
0.70297	-0.312394
0.756139	-0.254043
0.76179	-0.265043
0.73821	-0.0448601
1.01455	-0.577522
1.00769	-0.547446
0.58672	-0.0584438
0.88424	-0.356533
1.02635	-0.682054
0.961335	-0.443351
0.871839	-0.462681
0.873864	-0.495087
0.805188	-0.287432
1.04078	-0.663062
0.881457	-0.184798
0.891458	-0.365785
0.852005	-0.308125
1.03984	-0.298508
1.03763	-0.291496
1.07651	-0.740248
0.826054	-0.224424
0.763963	-0.399097
0.757499	-0.265694
0.978299	-0.440431
0.85711	-0.556422
0.680856	-0.291762
0.664369	-0.0600512
0.834343	-0.0749234
0.973421	-0.154606
1.14717	-0.578446
0.956884	-0.194071
0.999632	-0.116197
0.943138	-0.161107
0.926871	-0.131976
1.05575	-0.11129
0.906506	0.0525697
0.966496	0.171769
1.07017	-0.130844
1.10661	0.0708663
1.18687	-0.275925
1.09192	0.00404145
1.15021	-0.254197
0.709739	0.00879319
0.536633	-0.20752
0.61831	-0.180108
0.649145	-0.145543
0.855054	-0.46705
0.750132	-0.074107
0.868551	-0.179719
1.21056	-0.779868
2.67636	-2.57728
2.60894	-2.43925
1.47226	-1.00476
2.10584	-1.73592
2.44203	-2.14267
2.78394	-2.65106
2.73395	-2.70912
2.34335	-2.1922
1.73232	-1.27803
1.68123	-1.27782
1.76148	-1.65284
1.61552	-1.63301
1.22393	-0.93538
0.867511	-0.781759
0.732349	-0.724743
0.97547	-0.965443
1.41406	-1.42548
1.17582	-1.01832
1.25945	-0.905257
1.44122	-1.08538
1.04702	-0.795511
0.863061	-0.618731
0.978189	-0.927117
1.05211	-0.806225
1.59964	-1.08061
1.28578	-0.621108
1.15326	-0.56533
1.03574	-0.450785
0.858393	-0.305819
0.912702	-0.398704
1.0097	-0.480995
1.40006	-0.926381
0.843863	-0.668237
0.826885	0.0156969
1.08788	0.741388
1.21718	1.02029
1.2457	0.90231
1.09603	0.721995
0.828229	0.799337
0.478547	0.567784
0.654421	0.607047
0.910344	0.720394
0.692356	0.516656
0.815074	0.504485
0.882437	0.260869
0.515943	-0.173504
0.258424	-0.744459
0.332034	-1.18936
0.301987	-1.22756
0.420642	-1.22368
0.743533	-1.26649
1.419	-1.50643
1.54782	-1.44149
1.79319	-1.60074
2.25109	-2.19983
2.23186	-2.08989
2.37623	-2.10446
2.06789	-1.64704
1.81805	-1.41755
0.337563	-0.624519
0.49525	-0.284556
0.679962	-0.049174
0.756786	0.0186596
0.89453	0.13631
0.871245	0.269847
0.646499	0.28053
0.89824	-0.0110428
0.764415	-0.43528
0.927257	-0.517244
0.805841	-0.237864
0.619162	-0.24969
0.593166	-0.0687771
0.610348	-0.0760202
0.61245	-0.0164564
0.824204	-0.24161
2.61407	-2.7939
2.69071	-2.90556
1.78445	-0.886011
2.6008	-2.26061
1.67698	-0.669924
1.52133	-0.434027
1.92527	-0.933343
2.49697	-1.93972
2.23139	-1.90953
2.34893	-2.30006
1.80421	-1.72731
1.52166	-1.61115
1.61147	-1.53681
1.86505	-1.63582
1.52603	-1.21583
1.14731	-0.989712
0.453366	-0.349183
0.800946	-0.487745
0.403152	-0.258861
0.568107	-0.420872
0.306163	-0.130646
0.420068	-0.182953
0.28271	0.106574
0.759994	-0.083701
0.960282	-0.323902
1.35252	-1.33472
2.2183	-2.78173
2.52689	-3.74978
1.92395	-3.00063
1.59123	-2.29618
1.38214	-1.8792
1.11812	-1.48522
1.30206	-1.60599
1.33967	-1.58638
1.33817	-1.57989
1.52588	-1.82798
1.44824	-1.72998
1.37424	-1.59915
1.3196	-1.52977
1.33054	-1.61409
1.11033	-1.33571
1.17469	-1.3593
1.15727	-1.31856
1.46057	-1.77265
1.24062	-1.50399
0.978019	-0.883067
0.293843	-0.208226
0.171701	-0.182384
0.6887	-0.842833
0.880505	-0.973987
0.817144	-0.602644
0.853555	-0.603063
0.712753	-0.488407
0.954833	-0.573247
0.94602	-0.502314
0.975633	-0.727015
0.639627	-0.145192
0.570222	-0.232984
0.723644	-0.180472
1.0124	-0.36406
0.797793	-0.337772
0.883166	-0.34131
0.953296	-0.454438
0.97015	-0.680346
0.593746	-0.146873
0.660412	-0.192604
0.655204	-0.269882
0.589836	-0.183104
0.629031	-0.185713
0.680494	-0.0945773
0.669325	-0.24066
0.582242	-0.184062
0.705727	-0.176993
0.518069	-0.0706369
0.848225	0.137787
2.14515	-1.84914
1.50254	-1.26248
1.58984	-1.08987
1.65696	-1.39253
1.39421	-1.57958
1.34459	-1.46547
2.4681	-2.80169
1.901	-2.23158
1.83553	-2.23099
2.1358	-2.71734
2.08773	-2.20742
1.65514	-1.38819
1.67345	-1.36067
1.78719	-1.70794
1.61669	-1.60652
1.46447	-1.68997
1.50603	-2.05424
0.906256	-1.43766
0.743322	-1.28452
1.26963	-1.49212
2.01227	-2.14661
1.88784	-2.06868
2.09396	-2.29834
1.90366	-2.08587
1.91604	-2.16301
2.2474	-2.5674
1.7577	-1.73948
2.06704	-2.16857
1.98616	-1.85746
1.6102	-1.52731
1.73338	-1.48515
1.77084	-1.60224
1.72092	-1.71515
0.825106	-1.05341
0.721162	-0.885091
1.56268	-1.76994
1.80644	-2.09014
2.19324	-2.41412
1.82574	-2.19827
1.51682	-2.09808
1.03969	-1.50362
0.637688	-1.02292
0.904224	-1.29967
0.945841	-1.43137
0.788547	-1.2108
0.85196	-1.04658
0.746252	-0.856415
1.15082	-1.35379
1.32851	-1.38046
1.86077	-1.82347
2.02266	-1.88537
2.01753	-1.7697
0.979682	-0.650638
0.0982405	-0.116197
-0.0306528	-0.0463651
0.490124	-0.195176
0.526913	-0.160909
0.589818	-0.357508
0.563777	-0.212382
0.620868	-0.13046
0.625566	0.231765
0.78511	0.277404
0.909275	0.403682
0.873111	0.490768
0.475705	0.653942
0.80334	1.21041
0.871998	0.306542
0.471387	0.160166
0.444739	0.289726
0.381637	0.156048
0.346343	0.298005
0.445111	0.0767485
0.839476	0.242389
1.03252	0.115915
0.564992	0.33478
1.00647	0.274725
1.23097	-0.00138238
0.912169	-0.0472223
1.18682	-0.550004
1.23739	-0.700667
2.36053	-1.54955
2.29567	-1.78969
2.14752	-1.89131
2.2468	-2.49533
2.26656	-2.63437
1.94167	-1.93357
1.63746	-1.51667
2.07312	-2.10752
1.83802	-1.6472
1.97526	-1.83341
1.42986	-1.11774
1.95448	-1.6
2.22976	-2.00917
2.04432	-1.66628
2.07088	-1.6509
1.84768	-1.10988
1.72611	-1.17185
1.81164	-1.44284
1.89884	-1.6697
1.80441	-1.65189
1.60526	-1.43081
1.5075	-1.23991
1.48021	-1.30127
1.71817	-1.80089
1.73397	-1.87438
1.34038	-1.38793
1.641	-1.97688
1.65595	-1.98423
1.61599	-1.92574
1.64617	-1.97438
1.89806	-2.0763
1.87135	-1.69337
1.49995	-0.884938
1.82101	-1.04944
2.05837	-1.08603
2.26256	-1.3022
2.50941	-1.49224
2.50208	-1.42943
2.61538	-1.49595
2.83187	-1.65474
2.77939	-1.29295
1.89216	-0.211663
1.63771	-0.232686
1.6334	-0.332761
1.71857	-0.62237
1.60229	-0.333339
1.46149	-0.489424
1.40259	-0.516314
1.15811	-0.232442
1.16969	-0.314671
1.11838	-0.209198
1.11615	-0.287283
0.797151	-0.491041
0.741327	-0.172476
1.03325	-0.669597
1.38044	-0.872348
1.98856	-1.89508
1.60128	-1.4572
0.583563	-0.223425
0.770145	-0.375269
0.768919	-0.479194
0.601937	-0.317921
0.74651	-0.216885
0.854978	-0.491591
0.738228	-0.409126
0.651859	-0.196084
0.93966	-0.494748
0.886423	-0.456026
0.666969	-0.411661
0.749289	-0.255484
0.923624	-0.512048
1.09004	-0.559454
0.954002	-0.108191
0.927718	-0.154656
0.738671	-0.345307
0.598887	0.173623
0.587811	0.246755
0.76422	0.0359629
0.77527	0.00799888
0.585722	-0.0619058
0.616393	0.0307179
0.600225	0.0152602
0.64123	-0.159914
0.715075	-0.131022
0.717821	-0.0441929
0.694266	0.0368404
0.530651	0.118122
0.665474	-0.348603
0.908025	-0.589296
0.595749	-0.201135
0.840997	-0.0536685
0.897159	-0.0865168
0.842453	-0.323387
0.966689	-0.339797
1.07302	-0.137589
0.892578	-0.00548356
0.71009	-0.0213289
0.710604	0.0906164
0.678959	-0.178035
0.876946	-0.365518
0.897933	-0.149964
0.682864	-0.0833586
0.640058	-0.194389
0.773029	-0.125851
0.78208	0.174523
0.946994	-0.31272
0.860561	-0.103158
0.870809	-0.597727
0.69889	-0.315509
0.632528	-0.432894
0.747608	-0.305156
0.647132	-0.587195
0.351912	-0.480199
0.506139	-0.545238
0.663415	-0.651666
0.68603	-0.741582
0.607143	-0.59333
0.522585	-0.566597
0.798211	-0.634038
0.801251	-0.961231
0.747638	-0.576771
0.694359	-0.741173
0.770924	-0.743792
0.637866	-0.548836
0.820433	-0.668705
0.695919	-0.494103
0.61549	-0.382173
0.810161	-0.928394
0.469567	-0.656638
0.387641	-0.443758
0.730714	-0.427812
0.542634	0.0494662
0.19026	0.0920941
0.453683	0.228316
0.12329	0.0415493
0.120039	-0.104511
0.276473	-0.32621
0.470538	-0.154708
0.839527	0.0668391
0.785603	-0.0218809
0.71763	-0.221527
0.799944	-0.438743
0.800982	-1.74223
0.611851	-1.68328
0.861812	-1.83375
0.768315	-1.56951
0.718904	-1.43956
0.869081	-1.52114
1.0417	-1.38441
1.0949	-1.30027
1.38872	-1.47182
1.39605	-1.30238
1.71143	-1.37324
1.98204	-1.57653
2.06758	-1.69276
2.02047	-2.01505
2.24792	-2.52545
2.10879	-2.52316
2.31375	-2.83285
2.36643	-3.05912
2.04352	-2.60287
1.89986	-2.26823
1.3124	-1.29629
0.695014	-1.02885
0.525713	-0.647773
0.0739316	-0.650584
0.052094	-0.609277
0.585771	-0.504895
0.207336	-0.381145
0.747922	0.169424
0.682757	-0.0138926
0.244733	-0.390849
0.037515	-1.18845
0.189065	-1.2385
0.251093	-1.08145
0.344525	-1.0543
0.417728	-1.0488
0.413756	-1.07844
0.541042	-1.19202
0.626166	-1.20695
0.716651	-1.31851
1.04062	-1.61287
1.5233	-1.96735
1.4655	-1.5689
1.14451	-1.12352
0.938364	-0.879497
0.954041	-0.98223
1.65551	-1.67262
1.66146	-1.55933
1.1578	-0.740992
0.958996	-0.424103
0.887069	-0.355529
0.862638	-0.165937
1.03145	-0.378995
1.12497	-0.372128
0.863045	-0.160885
0.687287	-0.180497
0.619727	-0.375531
0.763514	-0.730467
0.928262	-1.32159
0.312552	-1.12687
0.170125	-0.562367
0.263415	-0.304896
-0.289896	-0.0869504
-0.204003	-0.280929
0.0451701	-0.503934
0.46831	-0.202003
0.612311	0.266037
0.708313	0.175583
0.193182	-0.44657
0.293684	-0.755934
0.741324	-0.980869
1.00133	-1.11075
0.825193	-0.633638
0.816339	-0.403435
0.616071	-0.053886
1.00783	-0.116008
0.988177	0.063504
0.883823	0.0676518
1.1529	-0.0811728
0.548407	0.220613
0.697167	-0.170568
0.775046	-0.291519
0.836301	-0.298859
1.21095	-0.712339
1.8203	-1.32777
1.69316	-1.32115
1.68495	-1.43143
1.32232	-1.10669
1.45468	-1.53405
1.59478	-1.94741
1.71352	-2.21409
1.46913	-1.61581
1.34058	-1.63918
1.33974	-1.66849
1.07979	-1.53505
0.766771	-1.24116
0.685154	-1.18274
0.730545	-1.30973
0.636147	-1.28081
0.643353	-1.3048
0.551835	-1.19129
0.675534	-1.38842
0.686834	-1.45108
0.983269	-1.77626
0.976727	-1.69325
0.94507	-1.50675
0.814927	-1.39657
0.678528	-1.51572
0.621069	-1.43501
0.785115	-1.34526
0.769511	-0.953957
0.749166	-0.657068
1.27143	-1.15989
0.842028	-0.743516
0.701702	-0.512544
0.868331	-0.598522
0.870633	-0.679455
0.759161	-0.364726
0.712351	-0.180428
0.925198	-0.485741
0.855385	-0.508932
0.718977	-0.411347
1.12123	-0.852719
1.13873	-0.610751
1.34838	-0.891837
1.10915	-0.892656
1.04693	-0.724045
1.79271	-1.53339
1.9559	-1.64455
2.34265	-2.19154
2.96616	-3.20321
2.78101	-2.74405
2.05553	-1.75041
1.27671	-1.01214
0.759541	-0.263891
0.932809	0.0332548
0.813972	0.227896
1.0413	0.719389
1.13109	0.28856
1.39203	0.517127
1.49528	0.685995
1.25034	0.745306
0.971678	-0.38131
0.911772	-1.54015
0.483243	-1.18538
0.514938	-1.201
0.528327	-1.12149
0.683559	-1.22975
0.980717	-1.58429
0.34674	-0.821653
1.13505	-1.40017
1.87796	-2.4125
1.68146	-1.67045
1.73526	-1.71025
2.04281	-1.7393
2.66293	-2.68247
2.69298	-2.8231
2.10037	-1.76749
2.81437	-2.83732
2.69105	-2.55525
2.25782	-1.71168
2.33706	-1.77765
2.11953	-1.51104
2.01445	-1.22751
1.81424	-0.927477
2.03019	-1.25284
1.90047	-1.09015
2.09333	-1.37018
1.98194	-1.257
1.75073	-1.18676
1.22024	-0.665997
0.845717	-0.594004
0.695602	-0.282147
0.740411	-0.275681
0.507184	-0.130558
0.880055	-0.24642
0.655591	-0.0038971
0.554259	0.0358709
0.413957	0.0455656
0.480033	-0.0570462
0.6806	-0.210311
0.623742	-0.0250784
0.443573	-0.0517636
0.333216	0.159328
0.364912	0.0928837
0.567745	-0.162263
0.462365	-0.00841799
0.453272	0.0946387
0.810344	-0.475452
0.669119	-0.477711
0.443253	-0.284489
0.415557	-0.237927
0.48599	-0.00205475
0.535028	-0.00919367
0.636014	-0.216063
0.499216	-0.0030242
0.573397	-0.223264
0.466912	-0.232716
0.604531	-0.52979
1.21121	-1.26994
1.64042	-1.6064
1.73648	-1.4252
1.34797	-0.460594
1.19246	-0.458885
0.821745	-0.660975
0.949446	-0.858882
2.0445	-2.09658
1.70014	-1.6366
1.4026	-1.34208
1.46046	-1.5519
1.18475	-1.31776
1.09625	-1.34062
0.983682	-1.24895
1.12764	-1.20981
1.37086	-1.58699
1.03303	-0.895494
0.999891	-0.878062
1.0658	-0.974373
1.09769	-0.984348
0.814906	-0.0455564
0.755751	0.0940384
0.698724	0.133316
0.573136	-0.146668
0.609742	-0.363144
1.08054	-0.279234
0.959264	-0.466785
0.569352	-0.531614
0.522363	-0.555814
0.466221	-0.809617
0.446884	-0.509713
0.541674	-0.439101
0.798278	-0.181233
0.958159	-0.510911
0.959338	-1.44244
0.977774	-1.47538
1.39542	-1.67342
1.3628	-1.52384
1.67374	-1.7457
1.28626	-1.45289
1.01314	-1.1701
1.0141	-1.13163
1.09084	-1.21504
1.17238	-1.22659
1.34174	-1.27158
1.443	-1.28345
1.49984	-1.18496
1.58881	-1.17566
1.34472	-0.811366
1.17782	-0.582347
1.17362	-0.442814
1.34726	-0.787418
1.61121	-1.32093
2.0997	-2.08293
2.88951	-3.37795
2.57412	-2.4726
1.92477	-1.9304
2.72523	-3.4106
2.5852	-3.03551
2.08722	-2.09044
2.07362	-2.00731
2.16934	-2.0315
2.54381	-2.71206
2.34657	-2.43446
2.71496	-3.07798
1.59179	-1.49543
1.30711	-0.726812
1.76349	-0.947067
1.59769	-0.961552
1.2043	-0.63684
1.2329	-0.800504
1.25279	-1.09604
1.95741	-2.09157
1.71887	-1.44456
1.57514	-1.2575
1.45016	-1.14426
1.48377	-1.33984
1.29394	-1.31784
1.47382	-1.60363
1.95833	-2.22798
2.0545	-2.23196
1.42126	-1.36269
1.72733	-1.80733
1.99043	-2.2847
1.90028	-2.28102
1.99123	-1.98123
1.82614	-1.31468
1.63887	-1.01141
1.54299	-0.889183
1.4483	-0.817696
1.5596	-0.860927
1.55418	-1.05977
1.25084	-0.748057
1.26373	-0.969198
1.1951	-0.807228
1.54691	-0.866802
1.71115	-1.12501
1.08608	-0.606783
0.527686	-0.200401
0.448592	-0.0504995
0.598186	-0.176423
0.75081	-0.362623
0.620048	0.00313467
0.729338	0.0263702
1.20873	-0.678694
1.33723	-1.01696
2.01988	-1.47926
1.8217	-1.3925
2.10163	-1.82839
2.21755	-1.96454
2.14435	-1.90866
2.07818	-1.85914
2.0032	-1.81911
1.94187	-1.80744
1.68699	-1.54769
1.64757	-1.64639
1.81872	-2.10151
1.87022	-2.38714
1.75037	-2.10461
1.32865	-1.40173
1.30909	-1.32333
1.3349	-1.34244
1.35299	-1.34348
1.38185	-1.37524
1.45791	-1.54417
1.49938	-1.69194
1.25394	-1.4308
1.2576	-1.38605
1.15204	-1.23066
1.08701	-1.35234
1.20774	-1.55511
1.37355	-1.75869
1.45823	-1.76921
1.35343	-1.54319
1.54233	-1.73079
1.45437	-1.54258
1.4762	-1.63953
1.84614	-2.13554
1.68728	-1.81668
1.64603	-1.72189
2.06025	-2.27785
1.84344	-1.91056
1.67202	-1.68699
1.60699	-1.65258
1.88414	-2.32953
1.86258	-2.28014
1.73176	-2.31225
1.42274	-2.05966
1.2371	-1.8177
1.1392	-1.64606
1.44626	-1.6454
1.29794	-1.65696
1.62187	-2.00851
2.07143	-2.26416
1.99176	-1.8791
2.3485	-2.24486
2.08941	-1.54053
1.9778	-1.26863
1.92609	-1.03985
1.77228	-0.758027
1.8931	-0.765061
1.66711	-0.985074
2.30632	-2.37455
1.4807	-1.0948
0.955657	-0.551492
0.975921	-0.498639
1.17964	-0.774173
0.902402	-0.660576
0.910056	-0.759358
0.412322	-0.374441
0.412943	-0.305429
0.559463	-0.247458
0.782753	-0.357807
0.827287	-0.356965
0.764904	-0.464195
0.58552	-0.298611
0.831155	-0.485385
0.907024	-0.260561
0.835723	-0.331468
1.04434	-0.34921
0.849687	-0.151732
0.721424	-0.220088
0.809621	-0.426527
0.849634	-0.438034
0.603469	-0.12013
0.782907	-0.350688
0.81416	-0.227864
0.492734	-0.190594
0.411745	-0.0426572
0.865647	-0.695774
0.632976	-0.287278
0.570193	-0.304628
0.796515	-0.197342
0.755842	-0.26041
0.649148	-0.398277
0.764112	-0.635329
0.926361	-0.776106
1.01171	-0.961102
0.993135	-1.36124
1.97619	-2.30593
2.06176	-2.51002
2.12684	-2.64654
2.35699	-3.07044
2.03627	-2.69026
1.32428	-1.40545
1.01606	-0.735983
1.32163	-0.884952
1.50357	-1.08222
1.37322	-0.825145
1.41935	-0.74343
2.07451	-1.48404
1.22825	-0.846323
0.848419	-0.38732
0.916631	-0.253454
1.00934	-0.346883
0.275907	0.454485
1.07495	0.276456
1.55891	-0.552379
1.73026	-1.13734
1.92848	-1.31708
2.09139	-1.4837
1.8247	-1.16278
1.66685	-0.974466
1.63499	-0.96523
2.26075	-2.32054
2.46042	-2.86571
2.18338	-2.52219
1.89739	-2.20465
1.99766	-2.22111
2.47334	-2.83976
1.93063	-2.07212
1.90217	-1.80971
1.1098	-1.0249
0.833206	-1.20329
0.442164	-1.51737
0.144594	-1.41035
-0.0608832	-1.32113
-0.153418	-1.24805
-0.179782	-1.25664
-0.216726	-1.2187
-0.0436356	-1.1883
0.0365319	-1.2624
0.214657	-1.35873
0.532493	-1.48051
0.940446	-1.80533
0.471631	-1.27545
0.613622	-1.07558
0.546784	-0.812022
0.31436	-0.554634
0.291555	-0.522283
0.127315	-0.159474
0.00243925	-0.345044
-0.34823	-0.0632365
-0.276676	-0.0572922
1.41489	-1.56805
2.03759	-2.25867
1.94786	-2.05168
2.14182	-2.36355
2.21868	-2.44388
2.31731	-2.48833
2.53094	-2.86056
2.59564	-2.96713
2.94524	-3.3824
2.38962	-2.1724
2.7333	-2.3001
2.22151	-1.44497
2.30377	-1.4286
2.32877	-1.54964
2.33787	-1.65618
2.65801	-2.39418
2.50598	-2.33716
2.22008	-1.97657
2.19649	-2.35649
1.61451	-1.76693
1.33303	-1.74103
0.769172	-1.45808
0.456838	-1.21859
0.306542	-1.06965
0.0229435	-1.00024
0.195658	-1.27228
0.00909981	-1.05735
-0.123626	-0.851743
-0.130979	-0.75876
0.121747	-0.763181
-0.0948598	-0.453426
0.282189	-0.804735
0.257522	-1.14108
0.473291	-1.09238
0.378828	-0.968975
0.448651	-1.18512
0.20114	-0.80341
0.270807	-1.19206
0.410832	-1.04264
0.398987	-1.16959
0.534947	-1.27923
0.794847	-1.44922
0.892771	-1.47658
1.54584	-2.1238
1.66556	-1.72478
1.48225	-1.04908
1.40423	-1.01046
1.02353	-0.34906
1.27762	-0.686584
1.11812	-0.628226
0.734312	-0.402952
0.920987	-0.372526
1.11797	-0.509909
1.06407	-0.741308
0.71455	-0.45973
1.84318	-1.83827
2.20732	-2.34165
2.15183	-2.34747
2.28538	-2.49074
1.63793	-1.58333
2.38951	-2.92262
2.83741	-3.47455
2.40758	-2.92729
1.84493	-2.45159
1.8091	-2.3871
1.82899	-2.12676
2.00006	-2.35501
1.79072	-2.07341
1.98374	-2.32476
1.72461	-1.96527
0.848922	-0.8673
0.370585	-0.96405
-0.0117651	-0.938709
0.0109276	-0.859517
0.0890675	-0.826739
0.252118	-0.72354
0.723731	-1.16905
1.26833	-1.84699
0.689442	-1.19625
0.661597	-1.17574
0.908931	-1.99836
0.543246	-1.43054
0.628009	-1.14257
0.560715	-1.13868
0.414354	-0.772103
0.972034	-1.15998
1.4761	-1.55229
1.90406	-1.87175
2.37453	-2.26577
2.3586	-2.01712
2.36549	-1.73332
1.9831	-1.29093
2.05267	-1.52535
1.25035	-0.583688
0.979452	-0.262857
1.16114	-0.343216
1.03304	-0.0351996
0.894235	-0.312246
0.782379	-0.0949127
0.791015	-0.332126
0.682313	-0.184759
0.672767	-0.132968
0.73245	-0.153212
0.736491	-0.291712
0.581261	-0.197504
0.676264	-0.0659467
0.63352	-0.157533
0.770609	-0.367452
0.498064	-0.199217
0.729687	-0.311003
0.612917	-0.0468322
1.04309	-0.451929
0.956509	-0.248703
0.931593	-0.286204
1.30197	-0.498471
1.29144	-0.55082
1.14891	-0.668556
1.03849	-0.514683
1.13107	-0.682213
1.0752	-0.250404
1.35789	-0.467582
1.259	-0.436032
1.14414	-0.355021
1.14305	-0.503821
1.20762	-0.724216
1.20714	-0.64981
1.00662	-0.383904
1.22921	-0.35555
1.1269	-0.359232
1.10292	-0.442373
1.21284	-0.526047
0.951105	-0.230035
1.09665	-0.255515
1.0115	-0.443072
1.14453	-0.271129
1.26738	-0.179909
1.31732	-0.385203
1.33628	-0.440875
1.38136	-0.522988
0.74616	0.138121
0.602103	0.0759101
0.591976	-0.388756
0.547775	0.0548112
0.500341	0.151915
0.377059	-0.0256946
0.63205	0.0269766
0.495207	0.0783783
0.711781	0.0116693
1.37211	-0.701092
2.76757	-2.91453
2.99751	-3.05443
2.73083	-2.50985
2.80585	-2.42586
2.44725	-1.95486
2.246	-1.70626
1.79869	-1.96919
2.27015	-2.24492
2.53486	-2.68321
2.00856	-2.1409
1.87561	-1.94608
1.90326	-2.31031
1.96682	-2.32573
1.81206	-1.62433
1.86922	-1.3952
2.26559	-1.95866
2.41728	-2.39515
2.2935	-2.33539
2.00199	-2.21573
1.68348	-1.74686
1.78813	-1.98685
1.74804	-1.73546
1.50452	-1.57717
1.65659	-1.69432
1.28901	-1.25765
1.48962	-1.79734
1.60748	-1.65668
1.41522	-0.715184
1.20074	-0.102759
1.17171	-0.121555
1.23467	-0.140655
1.12262	-0.0466771
0.888442	0.336801
0.824894	0.295498
1.32883	-0.449691
2.05949	-1.87843
1.51781	-1.37343
1.53296	-1.54149
1.62298	-1.85465
1.60558	-1.87344
1.65718	-2.06422
1.37845	-1.59833
1.20258	-1.03893
1.04938	-0.492054
1.30363	-1.33107
1.90155	-2.43581
2.44935	-3.22745
1.68866	-1.71956
0.756439	-0.561277
1.39741	-1.4679
1.84226	-1.9377
1.9782	-1.95602
2.00789	-1.81491
2.41652	-2.22854
2.69532	-2.52458
1.76324	-1.34667
1.4914	-1.03621
1.5518	-1.19745
1.28434	-0.735524
1.43241	-0.835621
1.17372	-0.61296
1.18126	-0.769651
0.594814	0.0731018
1.01095	-0.632795
2.31899	-2.08096
2.34154	-2.04891
2.12659	-1.81946
2.33244	-2.26167
2.10467	-1.98427
1.95149	-1.90873
1.76451	-1.78006
1.80891	-1.67825
1.76078	-1.5218
1.92465	-1.9265
2.07034	-2.17822
1.93488	-2.01008
1.39976	-1.12908
1.67037	-1.37313
1.99323	-1.72097
1.48751	-0.867274
1.52353	-0.858457
1.16525	-0.854074
0.729048	-0.53788
0.945911	-0.850515
1.54653	-1.60737
1.8609	-1.94158
1.77518	-1.56348
1.72146	-1.30128
1.6883	-1.21864
1.70698	-1.39474
1.7992	-1.6488
1.90138	-1.75133
1.71246	-1.76519
1.51514	-1.42824
1.22514	-0.885045
1.1109	-1.17216
0.803233	-0.977409
0.384851	-0.582027
0.464287	-0.349876
0.637845	-0.593698
0.901765	-0.702194
0.935904	-0.719684
0.876113	-0.737902
0.91227	-0.906681
0.966412	-0.822937
1.06975	-0.873199
1.21268	-0.905216
0.695825	-0.691659
0.81758	-0.538295
0.676846	-0.437444
0.541272	-0.133367
0.797762	-0.45414
0.646605	-0.339571
0.418443	0.485562
0.496351	0.338277
0.472385	-0.0948064
0.72679	0.271604
0.723526	0.263893
0.933061	0.435434
0.866775	0.303392
0.585513	0.41004
0.768758	0.383866
0.822192	0.288893
0.771263	0.424843
0.75763	0.395115
0.802106	0.430495
0.714896	0.264818
0.716015	0.277741
0.573071	0.245923
0.405343	0.0545061
0.470462	-0.275265
0.450634	-0.0296957
0.522722	0.0565303
0.579571	-0.135023
0.814918	-0.23248
0.734629	-0.0690185
0.80203	-0.239016
0.640235	-0.238831
0.758794	-0.161577
0.875922	-0.221875
0.769541	-0.135862
0.850577	-0.0373167
0.838815	-0.181357
0.895128	-0.198095
0.664633	-0.165638
0.511403	0.0507357
0.573717	-0.123484
0.375194	-0.144974
0.503439	-0.130782
0.41932	-0.15
0.529209	-0.094025
1.27823	-0.699286
0.936152	-0.12678
0.774132	0.12453
0.950677	-0.0379965
0.765043	-0.170883
0.819229	-0.333084
0.829588	-0.366543
0.658703	-0.134711
0.767203	-0.2483
1.05548	-0.502026
1.04336	-0.405571
0.841718	-0.136085
0.72693	-0.094005
1.00444	-0.451282
0.977164	-0.24037
0.885228	-0.187592
0.715426	-0.245286
0.693143	-0.227765
0.533115	0.0120069
0.709668	-0.352956
1.194	-0.827102
1.04355	-0.556528
0.820741	-0.418405
0.947232	-0.192145
1.06748	-0.358639
0.981129	-0.502181
0.863235	-0.251148
0.854554	-0.148584
0.508425	0.078952
0.540768	0.239899
0.720304	0.0123308
0.518133	-0.331627
0.348669	-0.372668
0.311208	-0.355538
0.665063	-0.673043
0.544016	-0.549163
0.568717	-0.545768
0.738921	-0.43046
1.0839	-0.600237
0.51522	-0.0555781
0.488536	-0.00157451
0.407768	0.0110228
0.475049	0.014492
0.229079	-0.211755
0.442396	-0.199335
0.529539	0.0079839
0.261917	-0.209509
0.00211739	-0.476412
0.117302	-0.590711
0.224774	-0.854961
0.659489	-1.20583
0.785584	-1.11422
1.04166	-1.3745
0.704569	-0.648376
0.494265	-0.183588
0.69042	-0.228558
0.927906	-0.424247
0.857622	-0.281852
0.753808	-0.099891
0.784264	-0.178606
0.987449	-0.550891
1.10318	-0.816637
1.46183	-1.42664
2.06154	-2.44092
1.79114	-2.31596
1.84521	-2.51938
2.16151	-2.86849
2.34701	-3.03238
2.81533	-3.56387
2.35232	-2.54116
1.86334	-1.61615
1.58957	-1.22952
1.83213	-1.44361
1.72456	-1.38701
1.48534	-1.19042
1.34179	-1.01579
1.28087	-0.987239
1.17148	-0.882043
1.15051	-1.03779
1.2891	-1.42888
1.54866	-1.88861
1.26742	-1.15311
1.43747	-1.16331
1.2449	-0.903317
0.581862	0.0981681
0.501186	0.0198788
0.568736	-0.0550178
0.624976	-0.243196
0.258783	-0.366501
0.604659	-0.318455
0.466831	-0.375075
-0.141711	-0.702083
0.160747	-0.868771
0.236916	-0.648192
0.23584	-0.61258
0.148997	-0.545061
0.0694946	-0.571568
-0.0736207	-0.574797
-0.0783055	-0.510731
0.250392	-0.74614
0.848652	-1.21691
0.909684	-1.31765
0.777796	-1.17595
0.846206	-1.32375
0.899877	-1.36612
0.691945	-1.15104
0.723179	-1.19428
0.593188	-1.09633
0.663025	-1.18352
0.791388	-1.42319
0.960889	-1.60876
0.819191	-1.42432
0.722776	-0.888664
-0.218588	-0.391183
-0.41666	-0.591072
-0.395842	-0.556576
-0.314569	-0.661192
-0.0964193	-0.721432
-0.0086296	-0.461055
0.0817699	-0.439548
-0.0840481	-0.592065
-0.205732	-0.456
-0.130563	-0.506909
-0.13587	-0.377611
-0.0870621	-0.96254
0.0994525	-1.05161
0.077745	-1.10913
-0.0238283	-1.1507
-0.0510516	-1.22572
-0.0746514	-1.18422
-0.0372959	-1.18845
-0.146499	-1.13986
-0.195841	-1.08979
-0.166477	-1.31767
-0.141927	-1.35911
0.0568855	-1.21636
0.517502	-1.40795
0.530808	-1.35672
0.256814	-0.979762
-0.0105088	-0.531745
-0.0586112	-0.357053
0.392874	-0.0798897
0.439994	-0.141653
0.653887	-0.0521194
0.911519	0.0830131
0.88348	0.471407
0.975753	0.279425
0.695898	0.25249
0.936622	0.486918
0.794098	0.340613
0.727761	0.491277
0.28346	0.37008
0.564274	0.207459
0.645627	0.324315
0.416333	0.148005
0.956576	0.0535704
0.867729	-0.667184
0.870504	-1.72146
0.485512	-1.5053
0.280551	-1.2401
0.143696	-1.1662
0.229557	-1.43545
0.192173	-1.25018
0.367297	-1.24597
0.588981	-0.799858
0.837573	-0.708501
0.655957	-0.604676
0.61223	-0.508218
0.651085	-0.335483
0.654608	-0.388825
0.523049	-0.243523
0.688598	-0.463675
0.435705	-0.727303
0.499529	-1.10449
1.06374	-1.81592
1.22318	-2.20442
1.33266	-2.32143
1.15009	-1.98218
1.28006	-2.1658
1.33112	-1.9142
1.66169	-2.094
2.38943	-3.02053
2.30034	-2.70779
2.49122	-2.94702
0.717301	-0.95777
0.738956	-0.682348
0.902348	0.158097
1.29818	0.531995
1.02602	0.569627
0.932842	0.837953
0.476493	0.6878
0.591046	0.85818
0.633418	0.299868
0.710871	0.0109336
0.505095	-0.046357
0.488638	0.400806
0.57031	0.0623238
0.666873	0.0539179
0.49175	0.139306
0.825454	-0.391102
0.898528	-0.639602
0.716495	-0.978738
0.275387	-1.17337
0.346189	-1.14127
0.501301	-1.18272
0.555725	-1.02604
0.734382	-0.945887
0.228619	-0.97576
0.297184	-1.04164
0.726261	-1.49448
0.613729	-1.29474
0.790635	-1.34502
1.13971	-1.53947
1.51856	-1.60106
1.62696	-1.57111
1.68798	-1.52635
1.79745	-1.61279
2.00069	-1.83057
2.09192	-1.92946
2.05757	-1.87463
2.50555	-2.54067
2.21386	-2.08973
2.27983	-2.25045
2.26198	-2.16552
2.10217	-2.15098
2.10762	-2.2141
2.15616	-2.09006
1.57807	-1.27642
1.22914	-0.867602
1.14223	-0.750148
1.00299	-0.411637
0.94137	-0.502701
0.689961	-0.405342
0.681286	-0.25161
0.840323	-0.221336
0.697019	-0.12669
0.771039	-0.422568
0.65923	0.0168517
0.458179	-0.125281
0.679058	0.241117
0.496146	-0.111493
0.760208	-0.466102
0.927027	-0.615483
0.543792	-0.39132
0.56735	-0.33494
0.41778	-0.309774
0.57279	-0.227368
0.496011	-0.165527
0.305507	-0.247326
0.417692	-0.117459
0.584295	-0.166607
0.48286	-0.203145
0.657666	-0.045536
0.578116	-0.24353
0.882927	-0.475566
0.809691	-0.575517
0.502645	-0.213287
0.746673	-0.47449
0.77012	-0.390354
0.630712	-0.161057
0.542396	-0.165781
0.545424	-0.186056
0.696338	-0.33276
0.623279	-0.238407
0.73416	-0.143461
0.857021	-0.300453
0.655712	-0.335107
0.681274	-0.38901
0.616692	-0.43388
0.793975	-0.567669
0.698744	-0.689317
0.561636	-0.264372
0.896828	-0.51674
1.05331	-0.359871
1.0501	-0.274043
0.981367	-0.433969
1.05851	-0.431548
0.954764	-0.356386
0.831198	-0.343126
1.0505	-0.513543
0.739934	-0.0597509
0.960916	-0.410555
0.937411	-0.581706
1.00589	-0.233563
0.672186	-0.158296
0.664463	-0.217863
0.714426	0.236098
0.753305	-0.0331251
0.674441	-0.0455012
0.699932	-0.208776
0.762332	0.0791461
0.620415	-0.454389
0.635439	-0.247283
0.667412	-0.428236
0.512632	-0.253829
0.69533	-0.301752
0.821872	-0.0593617
0.797824	-0.434893
0.637073	-0.482975
0.375087	0.167301
0.621093	-0.183697
0.723814	-0.383672
0.577022	-0.268616
0.322098	-0.0411539
0.482633	-0.119431
0.714216	-0.3894
0.671455	-0.0723817
0.430668	0.191336
0.535454	0.129449
0.286531	0.201161
0.467914	0.10581
0.523722	0.151026
1.45909	-1.01986
1.61276	-1.16865
1.50288	-0.911321
1.96672	-2.51496
1.93738	-2.31646
1.85459	-2.04566
2.06984	-2.20098
2.22362	-2.40209
2.29699	-2.51877
1.98319	-2.05444
1.75598	-1.78429
1.7521	-1.80371
2.12066	-2.51536
2.03708	-2.33343
1.75861	-1.87557
1.27606	-1.77975
1.04498	-1.61134
0.984135	-1.34337
1.13996	-1.64684
1.39987	-1.89338
1.5608	-2.17787
1.8096	-2.46829
2.05796	-3.01633
2.02564	-2.99609
1.44575	-2.19913
1.00944	-1.56845
0.790428	-1.25428
0.689211	-0.934808
0.99193	-1.11891
1.35378	-1.35106
1.36734	-1.12971
1.39368	-1.11071
1.19578	-0.742287
1.26877	-0.774783
1.58995	-1.28419
1.90322	-2.17452
2.42805	-2.94433
1.92942	-2.13071
1.86899	-2.0775
1.64945	-1.79316
1.58843	-1.96488
1.125	-1.27553
1.29077	-0.2664
1.1762	-0.0737924
1.38204	-0.363986
2.17452	-1.52749
2.07171	-1.67324
1.69562	-1.30336
1.46874	-1.2861
1.23708	-1.31358
0.996618	-1.33246
0.231888	-0.651306
-0.13977	-0.274174
0.844951	-0.943072
0.853746	-0.900585
1.63742	-1.5469
1.18396	-1.09468
0.630335	-0.311397
0.691538	0.0300781
0.480399	-0.081383
0.422232	-0.354296
1.15708	-1.10858
1.09043	-0.753446
1.10759	-0.800189
1.07439	-0.676407
1.05024	-0.593396
1.25657	-0.918946
1.35719	-0.974623
1.55261	-1.19164
1.50117	-1.21025
1.53221	-1.30087
1.70866	-1.33177
1.8038	-1.53922
1.45244	-1.18084
1.11678	-0.86064
0.992821	-0.905865
1.05859	-1.01202
1.17327	-1.2804
1.22062	-1.37509
1.4425	-1.7351
1.63366	-2.0163
1.53865	-1.87687
1.7028	-2.03987
1.63648	-1.84544
1.46554	-1.68068
1.26915	-1.46679
0.950837	-1.08314
0.620286	-1.24915
0.773331	-1.53908
0.591155	-1.44713
0.531642	-1.41884
0.420177	-1.33565
0.378161	-1.12769
0.687803	-1.15547
0.712265	-0.991022
0.818349	-0.912243
0.767506	-0.698467
0.677108	-0.612337
0.455736	-0.337946
0.727844	-0.41513
0.582019	-0.492116
1.2623	-0.441789
1.24471	-0.267945
0.742337	0.303074
0.626266	0.834112
1.03397	0.867325
0.855462	0.692409
1.03236	0.952833
0.785377	0.536517
0.526865	-0.0178437
0.744935	0.158424
0.545342	0.152785
0.905394	-0.114379
0.79533	0.196961
0.854793	-0.439087
1.29903	-0.877286
0.859378	-0.352238
0.741727	-0.180765
0.769831	-0.264375
0.908453	-0.620293
1.09146	-1.09471
1.71473	-2.02834
1.80633	-2.20794
1.67149	-2.05787
1.60385	-1.93071
0.810027	-0.92123
0.652559	0.0308632
0.630219	0.652892
0.565683	0.529441
0.495189	0.318131
0.582426	0.202064
0.688182	0.414789
0.801581	0.40715
0.643624	0.364753
0.911591	0.376389
0.867274	0.393523
0.908712	-0.00814872
0.738304	-0.156371
0.818466	-0.570157
0.981308	-1.20197
0.831745	-1.10575
0.793478	-0.910269
0.701496	-0.687516
0.811757	-0.590998
0.966623	-0.596199
0.970647	-0.615216
1.23975	-0.95345
1.59353	-1.50919
1.83585	-1.81277
2.491	-2.27752
2.61933	-1.99935
2.14829	-1.41432
1.64434	-1.15433
2.1196	-1.82601
1.1117	-0.5557
0.360887	-0.521691
0.369487	-0.685164
0.188134	-1.0245
0.159117	-0.806995
0.195077	-0.843194
-0.31957	-0.770348
-0.255096	-0.646701
-0.346433	-0.688953
-0.350334	-0.457569
0.333056	-0.777641
0.328852	-0.646064
0.821673	-1.05005
1.02784	-1.06598
1.04566	-1.05049
0.995634	-0.98756
1.0905	-1.04872
1.00076	-0.869026
1.0849	-1.02994
1.09649	-0.992761
1.343	-1.53545
1.50301	-1.81395
1.40038	-1.74875
1.60465	-2.04814
1.14501	-1.39097
1.38213	-1.55584
0.621917	-0.587893
0.459313	-0.32551
0.259339	-0.253138
0.576275	0.184476
0.865678	0.391134
1.03064	0.324307
0.760333	0.206823
0.587206	-0.147479
0.780559	0.140053
0.914644	0.01662
0.666092	-0.0234552
0.77896	-0.0190274
0.598304	-0.1218
0.425207	-0.768802
0.195222	-0.884432
0.990683	-1.53764
0.777783	-1.29152
0.206276	-1.11507
1.48955	-2.13332
1.47636	-1.98924
1.59882	-2.07966
1.71113	-1.88868
2.09965	-2.13563
1.94374	-1.75719
1.88863	-1.55357
1.45484	-1.17185
1.47384	-1.01593
1.05404	-0.463624
0.843769	-0.194666
0.393099	0.225078
0.0799047	0.684434
0.296791	0.880812
0.073952	1.04243
0.177666	0.868401
0.491009	0.624053
0.404394	0.661304
0.679909	0.460528
0.9009	0.166248
1.02724	-0.453495
1.07828	-0.515597
0.747502	-0.0147443
0.832306	-0.308557
0.755303	-0.0111407
0.773228	0.159336
0.699045	0.265826
0.621289	0.0322699
0.706526	0.00879554
0.531821	0.239085
0.827382	-0.00772354
0.70406	0.148323
0.654216	0.042339
0.868497	-0.0147803
0.658651	0.0695748
0.631086	-0.0561389
0.714946	-0.24398
0.614906	-0.136855
0.622562	-0.128222
0.631808	-0.101496
0.600143	-0.14896
0.548568	-0.319023
0.55842	0.0180473
0.610122	-0.160937
0.48747	-0.161203
0.511803	-0.242254
0.482989	-0.348199
0.55293	-0.379122
0.553979	-0.0510248
0.576519	-0.157317
0.994433	-0.783318
1.11663	-0.761032
1.25043	-0.822788
1.13998	-0.865942
1.03075	-0.383342
0.885757	-0.357248
0.657176	-0.114736
0.786375	-0.451355
0.960854	-0.479501
0.676185	-0.0587378
0.883255	0.00805121
0.836691	-0.284073
0.638086	-0.245068
0.849267	-0.326712
0.992941	-0.329899
0.910499	-0.429258
0.751281	-0.274425
0.653009	-0.278329
0.714766	-0.421095
0.514231	-0.319299
0.651779	-0.51392
0.53583	-0.384193
0.418439	-0.27935
0.439966	-0.172385
0.624387	-0.170171
0.395644	0.266503
0.58763	-0.0237987
0.462198	0.0455639
0.630163	0.0381639
0.431596	-0.0607725
0.310788	-0.0328189
0.606353	-0.132563
0.616731	-0.107074
0.453479	-0.0533264
0.438517	-0.142272
0.115452	-0.333577
-0.681296	-1.0199
-0.760091	-0.923772
-0.824	-0.991466
-0.59412	-0.758839
-0.618529	-0.438817
-0.794753	-0.500581
-0.578566	-0.691822
-0.580454	-0.92793
-0.5247	-1.01096
0.368395	-0.985554
1.07203	-1.49651
0.988719	-1.3923
1.40238	-1.71262
1.5595	-1.87158
1.53	-1.67887
1.42379	-1.47958
1.80012	-2.03602
1.93245	-2.07811
1.66401	-1.75227
1.71091	-1.78358
1.74057	-1.83262
1.93692	-1.90111
1.69017	-1.50211
1.62887	-1.46351
1.44453	-1.26501
1.19487	-1.1135
0.641368	-0.335373
0.746878	-0.0620609
1.12652	-0.956525
1.41559	-1.38914
1.00052	-1.00608
0.919323	-1.00466
0.800194	-1.02362
0.698466	-1.15457
-0.272591	-0.642516
-0.0480387	-0.748964
0.356649	-0.212629
0.999982	0.613134
0.77948	0.356302
0.786844	0.495931
0.819003	0.45665
1.12701	0.56363
0.486957	0.249442
0.83526	0.642623
0.631094	0.272452
0.818826	0.410913
0.941387	0.512924
0.623053	0.215978
0.333789	-0.0242085
0.579768	-0.574007
0.795013	-0.785179
0.797592	-0.70819
0.956246	-0.749023
1.02128	-0.755507
0.995444	-0.632533
1.04835	-0.574424
1.09104	-0.550098
1.26551	-0.720752
1.18155	-0.625894
1.19193	-0.651037
1.35512	-0.936644
1.42247	-0.993776
0.934285	-0.46288
1.16588	-0.649838
1.03527	-0.542202
0.865241	-0.214851
1.20626	-0.566287
0.994735	-0.237518
1.02312	0.232031
0.865256	0.00417096
0.351676	-1.01026
0.703371	-1.54113
0.817785	-1.48993
0.865422	-1.27475
0.886762	-1.10348
0.548462	-0.337997
0.865571	0.162198
0.806216	0.304027
0.822569	0.143826
0.61104	-0.105414
0.737723	-0.00787066
0.749154	0.0210015
0.702731	0.105261
0.820112	-0.302236
2.40506	-2.02127
2.46779	-2.17403
2.12425	-1.85751
1.90515	-1.52272
1.52591	-1.06508
1.39127	-0.955208
1.30191	-0.964868
1.55781	-1.47192
1.36873	-1.08145
1.24777	-0.782735
1.18052	-0.701236
1.02738	-0.634279
1.0944	-0.985042
1.02489	-1.19209
1.16625	-1.59369
1.3487	-1.79784
0.921951	-0.617459
1.06903	-0.48088
0.831746	-0.154981
0.713362	0.121279
0.666558	-0.149043
0.584603	-0.0350162
0.499606	-0.245249
0.571575	-0.539331
1.6746	-1.66705
2.0856	-2.2764
1.68424	-1.75173
1.5226	-1.59608
1.67134	-2.00837
1.87882	-2.40436
1.62748	-2.02218
1.08756	-1.20866
1.50594	-1.4799
1.11362	-1.20065
1.45566	-1.46713
1.42537	-1.24872
1.23256	-1.19534
1.04685	-0.965706
0.972407	-0.648139
0.998235	-0.360041
1.05276	-0.395306
1.21042	-1.04363
2.02893	-2.09182
1.96403	-1.7582
1.70231	-1.30204
1.58271	-1.03009
1.8876	-1.47975
2.08073	-1.84901
1.87036	-1.58676
1.6101	-1.25672
1.46762	-1.11409
1.33757	-0.969793
1.01502	-0.645265
0.834777	-0.603381
0.814611	-0.767364
0.795764	-0.83226
0.790429	-0.855222
0.672632	-0.713738
0.93634	-0.98044
0.9661	-0.883752
1.04074	-0.771669
1.07984	-0.610653
1.23031	-0.763384
1.42099	-1.40896
1.53865	-1.66042
1.45657	-1.31623
1.79125	-1.65246
1.29561	-0.847237
1.5938	-1.25267
1.4754	-1.04219
1.02003	-0.011149
1.25879	-0.272774
0.73394	-0.00875704
0.925952	0.00822639
1.01069	-0.288719
1.08737	-0.321442
1.14197	-0.298886
0.935337	-0.398209
0.912937	-0.333304
0.857475	-0.0973909
0.905255	-0.146727
0.823979	-0.14595
0.899271	0.0497461
0.908087	-0.288125
1.11267	-0.555517
1.20667	-0.710354
1.25749	-0.687501
1.19031	-0.616663
0.966759	-0.314111
1.23018	-0.534947
1.25294	-0.537181
1.25458	-0.40803
1.37054	-0.459808
1.31398	-0.474916
1.20889	-0.352813
1.42063	-0.423929
1.12326	-0.181563
0.937158	-0.341781
0.95868	-0.3621
1.16325	-0.657727
1.00995	-0.558217
0.692242	-0.403439
0.447059	-0.0396457
0.620128	-0.229754
0.563791	-0.235176
0.642185	-0.226938
0.696663	-0.231404
0.692321	-0.215134
0.930143	-0.601827
0.644339	-0.202104
0.89249	-0.613632
1.2309	-1.03049
0.912749	-0.723282
1.14828	-1.30454
1.09124	-1.05751
1.21327	-1.15341
1.13128	-1.13869
0.98962	-1.22108
0.926282	-0.805151
1.07641	-0.761597
2.57109	-2.43616
2.68462	-2.47996
2.32545	-1.91144
2.50029	-2.33601
2.11708	-1.90285
1.89254	-1.5922
1.9556	-1.58413
2.06065	-1.4836
2.39746	-2.04989
2.68429	-3.03938
2.286	-2.52714
1.73546	-1.96694
1.93954	-2.23616
2.01233	-2.33879
1.93926	-2.27632
2.28068	-2.63635
1.82278	-1.85598
1.02632	-0.956251
0.684206	-1.06701
0.186123	-1.25563
0.0784195	-1.32102
-0.0620407	-1.34322
-0.156806	-1.31471
-0.196818	-1.22454
-0.10035	-1.21635
0.0853641	-1.1069
0.188562	-1.04286
0.378486	-0.95452
0.650337	-1.06047
1.05568	-1.3037
1.10127	-1.11328
1.17407	-1.06902
1.34949	-1.26239
1.18056	-1.09061
0.997326	-0.895657
0.887253	-0.87851
0.751098	-0.975266
0.871859	-1.34423
0.973929	-1.32216
0.896597	-1.46619
0.330474	-1.02627
0.285107	-1.02541
0.371937	-0.902221
0.469675	-0.72238
0.693499	-0.481624
1.00788	-0.407313
1.38999	-0.831798
1.76337	-1.50624
1.84996	-1.98149
2.16932	-2.50756
1.61104	-1.50863
1.91504	-1.94215
2.23037	-2.44157
2.15456	-2.41101
1.32573	-1.15212
1.34281	-0.831931
0.460061	-0.734538
-0.153208	-0.923799
-0.325917	-1.06414
-0.127221	-1.03044
0.0433391	-1.13087
0.378221	-1.18409
0.44297	-0.872993
0.419024	-0.742378
0.342073	-0.352902
0.417231	-0.0123712
0.877576	0.457426
0.518635	0.28646
0.744638	0.133677
0.761802	0.137465
0.657601	0.148858
0.41759	0.121002
0.789133	-0.142091
1.48139	-1.39893
2.22324	-2.41307
1.66581	-1.53875
1.62777	-1.56736
1.62788	-1.54417
1.65855	-1.62608
1.79027	-1.76511
1.64509	-1.52682
0.798824	-0.763271
0.896945	-0.572102
0.950445	-0.488948
0.694951	-0.505469
0.738035	-0.501812
0.605225	-0.110016
0.65392	0.194293
1.01787	-0.251021
0.684413	0.155226
0.667501	0.123357
1.09084	0.165436
1.14467	-0.835229
1.30764	-1.31552
1.40281	-1.16594
1.48511	-1.23211
1.63807	-1.18041
1.63246	-1.20555
1.44361	-1.06989
1.33918	-0.991696
1.7572	-1.64902
1.51745	-1.327
1.27737	-1.04841
1.27422	-1.13142
1.32374	-1.2476
1.12623	-1.05247
1.00871	-0.901866
0.873906	-0.777481
0.796364	-0.831307
0.9648	-0.972858
1.05252	-0.992171
1.26756	-1.2835
1.46264	-1.45256
1.1985	-1.11021
0.955466	-0.818186
1.67935	-1.64977
1.48909	-1.37137
1.36684	-1.20386
1.21555	-1.12567
1.10572	-1.22423
1.0235	-1.27163
0.566176	-1.04003
0.236815	-0.968645
-0.133223	-0.880274
-0.283152	-0.888951
-0.329011	-0.82677
-0.191801	-0.973367
-0.171722	-1.15735
0.0998778	-1.09345
0.737422	-0.870094
1.14932	-1.15037
1.30852	-1.54939
1.24465	-1.41329
1.48387	-1.69207
1.52096	-1.71565
1.68742	-1.76861
1.88092	-1.96775
1.09948	-0.957567
0.588218	-0.716461
0.406205	-0.736057
0.325923	-0.812812
0.182753	-0.828105
0.152293	-0.885635
0.239458	-0.875661
0.7528	-0.894691
1.6619	-1.71864
1.76739	-1.68914
1.75566	-1.771
1.90882	-2.06673
1.78017	-1.92587
1.75138	-1.96122
1.02251	-1.01341
0.960244	-0.361226
0.911478	-1.20051
1.23819	-1.51182
1.62924	-1.99577
2.28095	-2.99532
2.30477	-2.9379
1.75365	-1.8646
1.83706	-1.78098
1.70375	-1.40984
1.97894	-1.55072
2.50459	-2.11789
2.7665	-2.404
2.52987	-1.92031
2.57793	-2.1128
2.83722	-2.54635
2.67727	-2.14448
2.89579	-2.44958
3.5561	-3.8227
3.264	-3.18425
3.29062	-3.09053
2.85644	-2.48957
2.89676	-2.66271
2.0879	-2.0605
2.57475	-2.73226
2.3459	-2.32473
1.15307	-0.670743
1.26276	-0.68147
0.816686	-0.250019
0.897746	-0.20579
0.783213	-0.272732
0.871278	-0.18612
0.707416	-0.31975
0.61426	-0.175753
0.719135	-0.305027
0.525869	-0.0639618
0.675762	-0.00687721
0.747127	0.23752
0.689977	-0.0174589
0.875991	-0.462618
0.67368	-0.164578
0.731338	-0.34383
0.779174	-0.207883
0.788958	-0.24211
0.723877	-0.181097
0.770654	-0.190708
0.56096	-0.0630502
0.531066	-0.355453
0.443275	0.128198
0.754004	-0.395674
0.476113	-0.312873
0.678752	-0.11044
0.661802	-0.147607
0.569783	-0.144198
0.563563	-0.414286
0.649065	-0.321733
0.614228	-0.0652981
0.594791	-0.267329
0.59666	-0.320326
0.469518	-0.113
0.474709	-0.102516
0.625326	-0.0181026
0.764619	-0.135516
0.80484	-0.0491805
0.842535	-0.256678
0.503179	0.068678
0.54487	0.00892189
0.557041	-0.33339
0.812717	-0.634396
0.302826	-0.35309
0.431096	-0.201639
0.589347	-0.261681
0.561007	-0.310534
0.609614	-0.377131
0.131575	-0.255581
0.105067	0.144178
-0.293096	0.245219
-0.366433	-0.178942
-0.261797	-0.274819
0.36362	-0.644032
0.836763	-1.16775
1.22871	-1.5315
1.38021	-1.51383
1.28819	-1.48657
1.08195	-1.31796
1.37895	-1.56048
1.7197	-1.93898
2.21922	-2.6305
1.70815	-1.68626
1.4665	-1.16236
1.50214	-1.03777
1.58479	-1.06868
1.81	-1.2622
1.81793	-1.05444
2.28942	-1.63603
2.40442	-1.77096
1.83673	-1.59241
1.17703	-1.25001
1.23958	-1.53283
1.37533	-1.79092
1.4848	-1.74334
1.03797	-1.16448
0.931591	-0.916328
1.03434	-0.798914
0.98976	-0.665536
0.428214	-0.570368
0.876593	-0.708709
1.55844	-1.64462
2.24445	-2.61648
1.54114	-1.53224
1.50309	-1.54216
0.866243	-0.789385
1.45972	-1.48507
1.44994	-1.50168
1.39028	-1.38443
1.63493	-1.77414
1.58069	-1.63791
1.65615	-1.73372
1.46384	-1.48535
1.79576	-1.95133
2.01218	-2.21835
1.81226	-1.9975
1.71325	-1.82902
1.66795	-1.87039
1.84783	-2.10801
1.51087	-1.83557
1.6074	-1.86411
1.62298	-1.94134
1.32598	-1.71098
1.46118	-2.01164
1.29458	-1.89485
1.29601	-1.91669
1.05011	-1.55364
0.948503	-1.39881
0.999355	-1.29922
0.985214	-1.14843
1.09456	-1.17519
1.19749	-1.07501
1.31007	-1.09903
1.51803	-1.31697
1.6177	-1.37485
1.62694	-1.34354
1.6645	-1.38614
1.60075	-1.29925
1.61414	-1.421
1.3564	-1.24997
1.28594	-1.27836
1.53631	-1.67771
0.980993	-0.651628
0.502806	-0.35924
1.67275	-1.58576
1.63327	-1.64546
1.61289	-1.54604
1.74627	-1.58225
2.03316	-1.99755
1.74515	-1.48554
1.91406	-1.76007
1.67706	-1.26778
1.93373	-1.40518
1.73471	-0.954064
2.27081	-1.63687
2.13976	-1.91481
1.60251	-1.5209
1.45647	-1.44384
1.14884	-1.0278
0.608652	-0.439186
0.373346	-0.39063
0.263321	-0.129099
0.654699	-0.361443
0.499114	-0.18772
0.365793	-0.0612786
0.557577	-0.0131531
0.712468	0.0234302
0.71444	-0.0285403
0.948694	-0.379838
0.558774	-1.24295
0.654981	-1.66506
0.525815	-1.64793
0.39113	-1.57748
1.16965	-2.01296
1.63942	-1.47494
1.7291	-1.71585
1.76708	-1.71247
1.6239	-1.6679
1.94743	-2.18311
1.58981	-1.63967
1.02919	-1.07738
0.285588	-0.502007
0.671538	-0.526999
0.672203	-0.446788
1.3309	-0.941926
1.47903	-1.18871
1.2249	-1.02661
1.18825	-1.17501
1.27019	-1.47361
1.24035	-1.5168
1.46223	-1.70305
1.32567	-1.40507
1.21586	-1.388
1.08419	-1.10024
0.961573	-1.04001
0.666187	-0.305658
0.894168	-0.276827
0.585017	-0.106594
0.673518	-0.0635132
0.663462	-0.6184
0.727863	-1.42302
1.07676	-1.92058
1.06572	-1.78327
1.1806	-1.78115
1.22827	-1.71331
0.490043	-0.667447
0.259105	-0.181098
0.528702	0.0909251
0.864956	0.334635
0.76507	0.262346
0.999447	0.250387
1.20228	-0.297581
0.405639	0.205223
0.271328	0.444398
0.325076	1.0453
0.493551	0.789851
0.723349	-0.172941
0.508213	0.270726
0.525256	0.288465
0.690028	-0.255944
0.731513	-0.965893
1.63307	-1.49038
2.69353	-2.89831
2.54113	-2.21839
2.36792	-2.06846
2.24818	-1.72929
2.35653	-1.9892
1.46234	-0.6419
0.982455	-0.746746
0.493552	-0.341638
0.592525	-0.268759
0.830917	-0.610079
0.563906	-0.34392
0.579776	-0.308532
0.376301	0.0531022
0.516585	0.0842877
1.18976	-0.733005
1.83587	-1.24778
1.93686	-1.38056
2.22709	-1.81584
2.2585	-1.8012
1.84885	-1.12115
1.7699	-0.988839
1.5375	-0.656407
1.80781	-1.03629
1.81196	-1.09697
1.89932	-1.2989
1.9618	-1.65531
2.32495	-2.24474
2.60789	-2.48781
2.38445	-2.61141
2.00905	-1.83809
2.09255	-1.90691
2.08631	-1.70142
1.84466	-1.22444
2.11428	-1.77377
2.39801	-2.04901
2.77983	-2.40392
2.19059	-1.62547
1.91987	-1.1491
1.88236	-0.943045
2.08467	-1.22074
2.32228	-1.52256
2.11104	-1.19377
1.47866	-0.558174
1.68366	-0.810941
1.05675	-0.126822
0.962221	-0.426911
0.935967	-0.486665
1.04565	-0.463516
1.11198	-0.416648
0.983046	-0.139367
1.03569	-0.236663
1.0102	-0.00382983
0.92909	0.0345333
1.06512	-0.183232
0.961389	-0.211838
0.828088	0.303394
0.778139	0.473534
0.980538	0.104289
0.888732	0.106933
0.981788	0.142072
0.721603	0.283718
0.75028	0.318592
0.987631	0.09614
1.01323	0.0470615
1.08374	-0.00258181
0.938438	0.123794
0.5919	0.16468
0.614325	-0.00547297
0.357186	0.101288
0.430882	-0.00950266
0.459594	-0.0333575
0.6083	-0.325517
0.883331	-0.297084
0.990228	-0.134142
1.04903	-0.437819
0.85946	-0.0481794
0.593657	0.149711
0.900628	-0.256186
0.907773	-0.228536
1.05484	-0.411346
1.03952	-0.232864
1.23867	-0.419776
1.19065	-0.611358
1.19949	-0.271858
1.48394	-0.629575
1.59039	-0.898206
1.49781	-1.00906
1.54242	-1.66875
1.33926	-1.57291
1.17102	-1.4337
1.37454	-1.64925
1.75776	-2.26867
1.58798	-1.91253
1.51594	-1.94859
1.1211	-1.2916
0.51246	-0.468023
0.635107	-0.385242
0.86555	-0.529343
0.647539	-0.33061
1.0318	-0.634506
0.959923	-0.353798
0.711873	-0.240068
1.43528	-1.08869
1.05512	-0.177788
1.30897	-0.381382
1.36942	-0.586566
1.16694	-0.430055
0.948033	-0.164252
0.743581	-0.00998862
0.850158	-0.134154
0.793879	-0.0406407
1.01016	-0.186536
0.779289	0.287867
0.406538	0.338154
0.148558	0.146671
0.458544	-0.27447
1.05359	-0.829051
1.30938	-1.14104
1.31826	-0.92485
1.22307	-0.677505
0.758082	-0.569538
0.746142	-0.594746
1.5397	-1.28059
1.67633	-1.57767
1.42668	-1.27188
1.35997	-0.98858
1.16696	-0.664401
1.17303	-0.567708
1.34004	-0.725079
1.2555	-0.564725
1.4585	-1.16015
1.78807	-1.65959
1.68083	-1.53169
1.56401	-1.57907
1.58275	-1.30486
1.52333	-1.35825
1.55375	-1.38261
0.843007	-0.960072
0.153003	-1.10146
-0.538942	-1.25424
-0.700963	-1.19037
-0.71231	-1.05554
-0.654792	-1.01611
-0.550898	-1.06231
-0.0828715	-1.03547
0.790895	-1.01847
1.27883	-1.60283
1.53487	-2.03769
1.47745	-2.03601
0.813506	-1.15534
0.782896	-1.05922
1.02998	-1.17545
1.51866	-1.7018
1.78043	-1.8512
2.3503	-2.29109
1.73769	-1.47843
0.643138	-0.43476
0.527121	-0.432489
0.427473	-0.227794
0.529158	-0.289702
0.546121	-0.0895472
0.722232	-0.378482
0.7896	-0.15079
0.50798	0.102207
0.740342	-0.406176
0.72832	-0.194128
0.825852	-0.254285
0.441261	-0.728964
0.447649	-1.37879
0.654851	-1.66645
1.1451	-1.61656
2.17469	-2.18043
2.38197	-2.79675
1.79344	-2.03893
2.14527	-2.54352
2.23132	-2.74375
2.18716	-2.74871
2.01077	-2.53273
0.730459	-0.772031
1.67548	-1.59561
1.98067	-1.96205
2.29909	-2.63713
2.25229	-2.48132
2.49641	-2.69948
2.8112	-3.3837
2.73703	-3.67704
2.16021	-2.90806
1.47897	-2.14341
1.59547	-2.09091
1.26056	-1.20452
1.5054	-1.25086
1.55234	-1.15805
1.81357	-1.44494
1.89027	-1.42912
1.87193	-1.37369
2.03657	-1.54815
2.11024	-1.71451
2.06752	-1.73577
2.14113	-1.90553
2.11909	-1.9673
1.46447	-1.19698
1.39754	-1.07361
1.74716	-1.318
1.58336	-0.857837
1.42116	-0.54067
1.33973	-0.644632
1.12872	-0.192943
1.13436	-0.32924
1.01768	-0.543166
0.854536	-0.0342579
0.565669	0.0215765
0.781842	0.185626
0.761028	-0.210563
0.812602	-0.393929
0.832484	-0.0537257
0.541256	0.213535
0.768884	-0.303311
0.618279	-0.392586
0.672816	-0.176368
0.880508	-0.265484
1.0831	-0.483202
0.988471	-0.521145
0.863281	-0.394965
0.72035	-0.24622
0.660099	-0.309843
0.680311	-0.27154
0.784426	-0.144022
0.605796	-0.157774
0.719799	-0.000209328
0.769474	-0.316049
0.601982	-0.0116241
0.528847	0.10196
0.67043	0.0787715
0.61836	0.0661073
0.721797	-0.027875
0.74183	-0.298374
0.366078	-0.0445633
0.359939	-0.185366
0.448072	-0.0831751
0.487533	-0.257809
0.535238	-0.0867023
0.526204	-0.110903
0.594428	-0.272961
0.491549	0.101534
0.621855	-0.290183
0.51407	0.0569027
0.439336	-0.229111
0.584347	-0.114532
0.545735	-0.388715
1.22921	-0.598877
1.28374	-0.371369
1.16906	-0.103598
0.958029	-0.00405178
0.766098	0.0232636
0.982839	-0.254193
1.28259	-0.664819
1.62629	-1.52926
2.04389	-2.20925
1.82391	-2.04859
1.70048	-2.20295
1.50468	-1.94402
1.86766	-2.45098
1.40768	-1.77295
1.40412	-1.69242
1.83453	-2.2364
2.03786	-2.40623
1.82807	-2.12504
1.97869	-2.29
2.01318	-2.26258
2.08362	-2.40172
2.09107	-2.40504
2.18748	-2.53047
2.1277	-2.36226
1.89592	-1.99036
1.75581	-1.46614
1.15713	-0.418897
1.05749	-0.209087
1.10099	-0.296597
1.16272	-0.354135
1.4354	-0.8127
1.38287	-0.802441
1.41285	-1.09496
1.56675	-1.41198
2.02408	-1.90327
1.34934	-1.07553
1.61592	-1.3685
1.48373	-1.25452
1.50528	-1.20466
1.42775	-0.925324
1.77406	-1.1904
1.32236	-0.682145
1.18233	-0.494847
1.33682	-0.679577
1.0007	-0.0963502
0.555578	0.254028
0.685528	0.304326
0.849777	0.516599
0.288701	0.0528188
0.805869	0.343553
0.894079	0.502108
1.10694	0.170296
1.32049	0.0293552
1.15468	-0.323516
0.912101	-0.0828544
0.622049	-0.168165
0.714659	-0.251883
0.593463	-0.345788
0.502421	-0.316074
0.648477	-0.246751
0.526389	-0.18698
1.17394	-0.478624
1.0801	-0.173342
0.867676	-0.316726
1.29008	-1.59048
1.36622	-1.61657
1.6895	-1.97914
1.61977	-1.75042
1.65506	-1.73137
1.40155	-1.29511
1.61152	-1.73189
1.40589	-1.48825
0.458733	-0.66392
0.552973	-0.280621
0.836341	0.247022
0.494364	0.280227
0.726101	0.636431
0.80425	0.172507
0.712308	0.259878
0.758967	0.0362531
0.982163	0.182476
0.824065	0.24585
0.450086	0.126855
0.567378	-0.027694
0.739336	-0.039935
0.80545	-0.0043611
0.861064	-0.137597
0.574734	-0.190129
0.610333	-0.299353
1.41417	-0.996195
1.86206	-1.81815
1.66032	-1.54549
1.61933	-1.43523
1.59485	-1.39262
1.71796	-1.62354
1.61341	-1.5534
1.89302	-2.00278
2.04324	-2.16427
1.57536	-1.47047
1.45703	-1.11459
0.935743	-0.57476
0.849191	-0.471093
0.922478	-0.717835
1.13733	-0.961839
1.07278	-0.861297
0.916488	-0.746586
0.479005	-0.226044
0.828088	-0.711612
1.05259	-0.394269
1.08087	-0.483194
0.894712	-0.662851
0.991853	-1.44435
0.979769	-1.60145
0.526559	-0.800646
-0.0345705	-0.357247
-0.112746	-0.412634
0.0583747	-0.646294
0.731551	-1.55488
0.103074	-1.21696
0.295081	-1.32156
-0.00252462	-1.09692
0.104161	-1.12422
0.555075	-1.12264
0.953672	-1.08606
1.04904	-0.851313
1.43351	-1.28531
1.15459	-1.22134
1.08755	-1.17433
1.20668	-0.964106
1.55148	-1.20972
1.68489	-1.31177
1.91152	-2.11395
2.25926	-2.41401
2.01546	-2.41802
1.90288	-2.34483
1.38269	-1.67786
1.94471	-2.31648
2.01053	-2.3883
2.36862	-2.60943
2.06861	-2.29615
1.52264	-1.52827
1.5552	-1.50771
1.74218	-1.68321
1.77384	-1.64981
1.91127	-1.75943
1.82661	-1.58159
2.2588	-2.38447
2.00477	-1.93507
1.7479	-1.56713
1.77107	-1.5735
1.96636	-1.9679
2.11241	-2.06244
2.40421	-2.5454
1.85879	-1.98406
1.79411	-1.67003
1.72448	-1.6049
1.32159	-0.956126
1.43254	-0.973711
1.31856	-0.744969
1.02788	-0.429411
0.982956	-0.535824
0.884933	-0.326742
1.64794	-1.24845
1.13452	-0.722445
0.766969	-0.0537234
0.956367	-0.334133
0.753255	-0.354079
0.824897	-0.389248
0.9564	-0.461923
0.776116	-0.356925
0.805973	-0.331935
0.795065	-0.33342
1.01244	-0.462828
1.41751	-0.971034
1.46404	-1.1002
1.63171	-1.13466
1.79733	-1.32209
1.68949	-1.37281
2.15215	-2.17248
2.18069	-2.41363
1.00417	-1.28041
0.787587	-0.198055
0.623202	0.185961
0.591116	0.61649
0.676279	0.653222
0.615896	0.572324
0.570002	0.496984
0.52064	0.348859
0.736381	0.605908
0.654205	0.263418
0.852761	0.809594
0.687723	0.699058
0.806979	0.629693
0.667541	0.353834
0.805226	0.26862
1.02897	-0.850637
1.94422	-1.85534
1.90232	-1.44291
1.47948	-1.17719
1.74864	-1.61231
1.75707	-1.51952
1.55088	-1.87053
1.00705	-1.14389
0.538485	-1.02277
-0.33323	-0.54962
0.56575	-0.794361
0.485841	-0.717033
0.0377642	-0.380261
0.28279	-0.294285
0.24931	-0.312752
0.258133	-0.231778
0.579621	-0.200436
0.499537	-0.0777787
0.36688	0.122031
0.468035	-0.0768422
0.570405	-0.213034
0.66039	-0.964703
1.05123	-1.43147
1.61438	-2.16711
1.39146	-1.8286
1.16229	-1.50294
1.25647	-1.66798
1.3189	-1.80725
1.10086	-1.51718
0.688531	-1.24719
-0.422599	-0.408683
-0.269693	-0.832142
-0.208005	-0.610668
0.319302	-0.478089
0.659989	-0.0552125
0.174465	-0.576058
-0.273478	-0.668102
0.0414734	-0.774025
0.450105	-0.887452
0.883979	-1.3302
0.947719	-1.42636
0.80224	-1.182
0.9163	-1.32767
0.402424	-1.16862
-0.31759	-0.839824
-0.350496	-0.86861
-0.319804	-0.715423
-0.421966	-0.568097
0.0988716	-0.742564
0.594414	-1.21708
0.832343	-1.38417
0.995309	-1.51034
0.866052	-1.45059
1.2513	-1.89044
1.23506	-2.01817
1.26484	-2.0882
1.10381	-1.8854
1.04296	-1.91593
1.03398	-1.9495
0.828848	-1.80724
0.674921	-1.52229
1.03981	-1.68259
1.12878	-1.34749
1.4778	-1.44091
1.47996	-1.24045
1.43863	-1.15529
1.60205	-1.36804
1.99447	-1.87959
1.81881	-1.86843
1.72238	-1.70833
1.64689	-1.61759
1.65646	-1.69662
1.45368	-1.3061
0.608608	-0.777133
-0.399672	-0.226768
0.290643	0.107395
0.747321	0.479066
0.863077	0.52439
0.756632	0.448186
1.08807	0.558077
0.987909	0.188543
0.856739	-0.915731
2.36531	-2.4764
1.76996	-1.6122
1.53762	-1.35282
0.885939	-0.969657
0.634161	-0.666738
0.638431	-0.242502
1.05152	0.380081
1.17906	0.833178
0.836999	0.616522
0.623321	0.383247
0.526343	0.123586
0.572016	0.182303
1.02076	-0.104543
1.06572	-0.176043
1.62138	-0.7821
1.62556	-1.02417
0.773797	-0.681485
1.2235	-1.10705
1.216	-1.50195
1.00041	-1.56107
1.05774	-1.91434
0.754148	-1.49715
0.754214	-1.35227
0.553346	-0.7613
0.826868	-0.955265
0.25345	-0.651969
0.263871	-0.90278
0.0948358	-0.584456
0.370066	-0.665815
0.730662	-0.519418
0.877377	-0.323108
0.835716	0.0177614
0.904792	-0.0529335
0.816918	-0.15664
0.894152	-0.341577
0.890323	-0.83145
0.789237	-1.21754
0.924981	-1.74585
0.81624	-1.7362
0.971809	-1.85222
1.19895	-1.99325
1.34332	-2.10852
1.15931	-1.79896
1.36315	-2.08132
1.14493	-1.78255
1.03647	-1.70262
0.941709	-1.50019
0.975387	-1.45293
0.881884	-1.30275
0.899468	-1.24137
0.964283	-1.23982
1.1194	-1.36966
1.16936	-1.38929
1.20365	-1.3896
1.39196	-1.59406
1.65714	-2.14483
1.78241	-2.25832
1.668	-1.621
1.46355	-1.17669
1.09252	-0.631697
0.575929	-0.400891
0.198175	-0.170671
0.39911	-0.100432
0.659938	-0.0346908
0.758126	0.0799662
0.898763	0.610815
0.903949	0.404179
0.928558	0.43842
0.926543	0.334183
1.01142	-0.0784297
0.937057	-0.637584
0.72077	-0.820861
0.330451	-1.0251
0.332012	-1.339
0.385941	-1.42697
0.520906	-1.42628
0.7279	-1.52613
0.808969	-1.53517
0.892033	-1.52237
1.22071	-1.6635
1.49717	-1.75326
1.66927	-1.91349
1.79168	-2.03511
1.9262	-2.19061
2.05149	-2.36129
1.76388	-2.05411
1.19278	-1.25611
1.00357	-1.12973
0.524149	-0.535302
0.042355	0.0171466
0.356316	0.173972
0.448025	0.334072
0.301886	0.326816
0.181163	0.199271
0.477581	0.289154
0.470844	0.202543
0.451412	0.386217
0.53984	0.431958
0.604063	0.175657
0.45665	0.0712155
0.217458	0.0878339
0.387393	-0.101159
0.420719	-0.0709187
0.393568	-0.317006
0.54831	-0.324776
0.521276	-0.495803
0.331012	-0.38911
0.499165	-0.149071
0.814456	-0.460248
0.626168	-0.75391
1.68104	-2.14673
1.90663	-2.66526
1.63225	-2.45877
1.57817	-2.3466
1.48855	-2.26376
1.57463	-2.37195
1.40678	-2.20856
0.958564	-1.87971
0.23297	-0.689291
0.405692	-1.16559
0.31503	-1.10887
0.530576	-1.11064
0.823185	-1.1423
1.07815	-1.04905
1.25514	-0.979651
1.3403	-0.859374
1.27426	-0.620295
1.1892	-0.444656
1.09709	-0.514064
1.73066	-1.29686
1.3096	-0.883924
1.24705	-0.831305
1.26507	-0.976545
1.07396	-0.583454
1.05596	-0.388039
1.85394	-0.952333
1.20296	-0.234224
0.755886	0.649127
0.975962	0.700261
0.547452	0.572775
0.439649	0.50117
0.40663	0.378614
0.237291	0.0969764
0.464635	0.244761
0.578243	0.344515
0.448134	0.476967
0.384348	0.304611
-0.187911	0.0945037
-0.243108	0.0418751
0.0419265	-0.15415
1.16245	-1.28566
1.09371	-1.15574
1.41823	-1.55029
1.30713	-1.44649
0.865956	-1.0713
1.13763	-1.33414
0.865882	-0.807846
1.22616	-1.43267
1.18444	-1.61965
1.00002	-1.49577
0.867299	-1.35713
0.829459	-1.3439
0.914239	-1.48244
0.939614	-1.49282
0.918004	-1.44277
0.60747	-1.03958
0.43874	-1.04172
0.494231	-1.16627
0.578367	-1.2983
0.0664417	-0.821261
0.184783	-0.792139
0.289948	-0.389303
0.307046	-0.67397
0.506764	-0.83399
0.609889	-0.915276
0.332489	-0.451158
0.708239	-0.133856
0.731981	0.00647098
0.394569	-0.225988
0.627569	0.108372
0.584333	0.231929
0.785188	0.347728
0.924481	0.491358
0.753299	0.321282
0.724455	0.208728
0.918597	-0.0965266
0.607742	-0.244631
0.365819	-0.117066
0.567182	-0.124014
0.685107	-0.0448459
1.54811	0.411861
1.19342	0.0555657
1.01519	-0.98115
1.14651	-0.887174
1.00946	-0.508949
1.30342	-1.19847
0.397381	-0.273517
0.0748705	0.0416182
0.325762	0.531257
0.692316	0.234396
0.681551	0.00632745
0.680657	0.129627
0.312603	0.288556
0.871348	0.148496
0.862668	-0.583095
0.685187	-0.05427
1.0277	-0.414905
1.16968	-0.278152
1.29827	-0.458321
1.47646	-0.495532
1.89229	-1.5053
1.7416	-1.2006
1.31418	-0.694529
1.50997	-0.687578
0.99864	-0.293976
1.05687	-0.474381
0.767672	-0.603867
1.14641	-0.278001
1.08473	-0.499522
1.88231	-1.4126
2.48115	-1.7733
2.61481	-1.82623
2.44873	-2.44293
2.11455	-2.37343
1.67787	-1.6305
1.48724	-1.23233
1.84469	-1.67007
1.75899	-1.56422
1.4331	-1.03035
0.776926	-0.326334
0.629184	-0.263696
1.20056	-0.190067
1.28608	-0.276738
0.891243	-1.27448
0.480465	-1.11126
0.475507	-1.05643
0.627134	-1.12468
0.658913	-1.047
0.939592	-1.26368
1.31546	-1.64889
1.51471	-1.83578
0.840951	-1.18242
0.895856	-1.14175
0.8214	-0.892744
0.274642	0.00108016
0.274211	0.026561
1.13057	-1.18489
1.44575	-1.27144
1.90938	-1.70243
1.9184	-1.63859
2.07457	-1.9532
2.44193	-2.50443
2.35169	-2.39936
2.13167	-1.87296
2.03026	-1.65029
2.07057	-1.53705
1.87724	-1.32584
1.75317	-1.36199
1.86165	-1.32074
1.36853	-1.21654
0.772232	-0.515816
0.880737	-0.747816
1.47677	-1.47318
1.50774	-1.34241
1.44025	-1.21002
1.62029	-1.4523
1.72447	-1.5895
1.57287	-1.44236
1.6218	-1.63931
1.50554	-1.46756
1.58913	-1.49938
1.70951	-1.51726
1.6303	-1.29796
1.66114	-1.26331
1.42743	-0.994712
1.63057	-1.51067
1.84029	-2.06191
1.00359	-0.878681
0.675809	-0.547072
0.0100561	0.158642
0.467121	0.346633
0.551769	0.264906
0.622566	0.125487
0.734542	0.00489361
0.575573	0.211026
0.359098	0.519275
0.404054	0.264339
0.669349	0.017394
0.898335	-0.467633
0.874351	-0.293411
1.1898	-0.58041
0.799272	0.0186272
0.578703	0.0577816
0.788164	-0.214622
0.845172	-0.666555
1.82322	-1.67703
2.25697	-2.11012
2.0796	-1.85508
2.14216	-2.00162
2.03524	-1.84778
2.00996	-1.9119
1.83329	-1.67243
1.81033	-1.65419
1.98775	-1.93487
2.48981	-2.61961
1.55001	-1.13991
1.29075	-0.573637
1.3255	-0.680711
1.00477	-0.563355
0.899421	-0.355827
0.866078	-0.34853
0.60004	-0.103117
0.71743	-0.208605
0.528421	0.178687
0.725195	0.281995
0.612615	-0.00285657
0.685554	-0.118392
0.670829	-0.100795
0.705415	-0.0464552
0.871501	-0.232969
0.530431	-0.11944
0.651843	-0.157348
0.438907	-0.188751
0.0548302	-0.252966
0.248817	-0.195569
0.939179	-0.835504
1.3404	-1.42026
1.15502	-1.51751
0.926198	-1.37192
1.48084	-1.78584
1.77133	-1.96854
2.16489	-2.58076
2.09653	-2.34195
2.43264	-2.75813
2.52596	-2.88922
2.72968	-3.18354
2.8265	-3.31713
2.35576	-2.9098
2.28911	-2.74904
1.94898	-1.79948
1.83639	-1.67041
1.91826	-1.66031
1.95682	-1.76035
2.02365	-1.81334
2.21027	-2.17198
2.11289	-2.01658
2.49125	-2.65885
2.21892	-2.71213
1.74988	-2.37925
1.68104	-2.20137
1.61052	-2.08809
1.49889	-1.79143
1.93614	-2.18327
1.14619	-0.860247
0.644254	-0.287292
0.296738	0.123602
0.480787	-0.212298
2.04808	-1.47421
2.197	-2.20027
1.8078	-1.79202
1.88506	-1.93768
1.668	-1.76704
1.30281	-1.64786
0.755422	-0.843485
0.507526	-0.488823
0.612265	-0.144483
0.749359	-0.00766494
0.798594	0.0376421
0.877785	0.0502406
0.929072	0.032115
1.01155	-0.0840958
0.776167	-0.318303
0.847848	-0.926172
0.280044	-1.32574
-0.0054546	-1.13645
-0.0376131	-1.16112
-0.138848	-1.1899
0.214605	-1.19447
0.586171	-1.34142
1.08215	-1.50069
1.54512	-2.02503
1.49057	-1.68584
1.16256	-1.13285
0.367102	-0.61979
0.495779	-0.739266
1.12532	-1.40941
0.564787	-0.718073
0.579161	0.188523
0.898318	0.505392
0.404112	-0.198474
0.166219	-0.496121
-0.163636	-0.877737
0.154761	-0.953909
0.104511	-0.930475
0.196835	-0.896528
0.551157	-1.08758
0.988155	-1.1251
0.802807	-0.867833
1.06443	-1.08132
1.26856	-1.35347
1.03748	-1.3283
0.852128	-0.820055
1.06923	-0.804957
1.13663	-0.761495
1.6571	-1.2071
1.69926	-1.01208
1.71135	-0.894911
2.58799	-2.74712
2.33558	-2.42071
2.06456	-1.8779
2.02864	-1.75863
1.9422	-1.68155
1.88244	-1.30446
1.76034	-0.940575
1.75469	-0.861644
1.96081	-1.33981
2.01885	-1.59615
2.20188	-2.03148
2.2716	-2.2387
1.88905	-1.52537
1.58055	-0.946952
1.48543	-0.936828
1.37602	-0.660281
0.835537	-0.142664
1.03687	-0.461895
0.716716	-0.46866
0.529491	-0.292784
0.356775	-0.393959
1.01343	-0.815543
1.4166	-1.1898
1.45915	-1.14605
1.52441	-1.30506
1.6203	-1.36146
1.85181	-1.66773
1.93135	-1.70665
1.94874	-1.7709
1.9397	-1.71519
2.15333	-2.09768
1.89618	-1.61864
2.15111	-2.06167
1.36628	-1.36619
0.845395	-0.757388
0.631035	-0.692992
0.846713	-0.903945
1.24324	-1.07422
1.18125	-0.725846
1.69894	-1.13033
1.74248	-0.990162
1.73924	-0.78927
1.45982	-0.687988
1.09319	-0.521197
0.914788	-0.754686
1.09094	-0.589061
1.16567	-0.575873
2.11267	-1.80002
1.40464	-1.01015
2.02569	-1.87917
2.34259	-2.27469
1.9238	-1.76903
1.72255	-1.47599
1.52252	-1.28565
1.38837	-1.2304
1.34544	-1.24252
1.04948	-1.11611
1.00849	-1.22496
1.24644	-1.60321
1.49087	-1.84551
1.51936	-1.89589
1.34962	-1.75892
1.4085	-1.71812
1.68361	-1.93334
1.33597	-1.52431
1.43223	-1.10234
1.03991	-0.402386
0.917465	-0.213033
1.05922	-0.373401
1.22184	-0.628638
1.24136	-0.690607
1.3995	-0.94813
1.77476	-1.4589
2.19069	-2.11241
2.28291	-2.12383
1.84754	-1.74752
0.500944	-0.349812
0.625063	-0.436437
1.7268	-1.72107
1.53925	-1.25253
0.988727	-0.406386
0.809408	-0.392864
1.01154	-0.646245
0.801219	-0.256297
0.724839	-0.101112
0.561218	0.0138305
0.586869	-0.10884
0.617032	-0.0879133
0.557489	-0.0841164
0.771621	0.210922
0.640285	-0.0889018
0.738755	-1.16823
1.06081	-1.25531
0.830123	-1.18947
0.775932	-1.17691
0.819554	-1.2845
0.744726	-1.17492
0.760469	-1.20406
0.902132	-1.3014
1.04078	-1.4722
1.47581	-2.01407
1.60771	-2.11666
0.92861	-0.953874
0.949529	-0.907002
0.937022	-0.869476
0.244874	-0.197459
0.627167	-0.697319
0.307761	-0.530133
0.355821	-0.426212
0.841048	-0.502653
0.781618	-0.27002
1.61151	-1.45189
1.98045	-1.69261
1.71819	-1.30247
1.9475	-1.46504
2.36741	-2.14006
2.31696	-1.97834
1.84013	-1.19989
1.69963	-1.04669
1.52049	-1.06225
1.60775	-1.13667
1.85808	-1.59507
1.60045	-1.1832
1.50598	-1.14526
1.33071	-0.896218
1.14525	-0.793827
1.21217	-1.06128
1.29349	-1.31017
0.8481	-0.735209
0.518697	-0.154091
0.549171	0.145086
0.601204	0.272052
0.642792	0.412665
0.608039	0.270072
0.490801	0.111348
0.887149	-0.375582
1.05291	-0.3926
0.73239	-0.129815
0.895383	-0.0974234
0.860948	-0.00568223
0.729932	-0.336447
0.817193	-0.458069
1.26211	-1.17625
1.8402	-1.13214
1.92877	-1.11589
2.15151	-1.56039
2.45855	-1.85424
2.79304	-2.46677
2.37242	-1.79627
2.94318	-2.7448
2.5054	-1.96194
2.04767	-1.51524
2.38112	-2.07849
2.35607	-2.3708
1.93594	-1.92748
2.401	-2.58661
3.27173	-3.63191
2.56773	-2.04843
1.69103	-1.2263
2.06574	-1.91469
2.38438	-2.40991
2.36688	-2.26231
2.88616	-2.84517
2.71039	-2.46362
2.43906	-1.92343
2.4913	-1.86854
2.67112	-1.81713
2.39	-1.28564
2.61614	-1.51248
2.70047	-1.94393
2.06897	-0.957813
2.28397	-1.15522
2.38299	-1.53211
1.88847	-0.906501
1.47215	-0.803085
1.09461	-0.454676
0.930232	-0.661974
0.845985	-0.481418
0.889529	-0.52356
0.189805	-0.213471
0.233523	0.0958499
0.388664	0.494352
0.367278	0.436015
0.442478	0.275001
0.294029	0.183888
0.55889	0.338269
0.656603	0.155481
0.696884	0.179114
0.541517	0.263714
0.587079	0.211443
0.530062	0.00749872
0.405974	-0.0914612
0.453869	0.064161
0.698807	-0.137548
0.527723	-0.20097
0.393647	-0.00192881
0.695189	-0.477728
0.838103	-0.535231
0.638324	-0.310335
0.611236	-0.233761
0.532278	0.0483319
0.644	-0.221533
0.631065	-0.196063
0.887277	-0.200604
0.908114	-0.287492
0.777238	-0.0367308
0.754234	0.0664081
1.00228	-0.016543
1.10167	0.104967
1.32011	-0.169921
1.2181	-0.219234
1.06435	-0.169257
0.850968	-0.122721
0.692728	-0.350217
0.584341	-0.307909
0.629604	-0.242137
0.781456	-0.416524
0.485372	-0.561915
0.671613	-0.794956
0.785946	-1.15691
1.61254	-1.72484
1.73469	-2.08639
1.62097	-1.83782
1.34044	-1.34112
1.67361	-1.67408
1.62806	-1.57826
1.55625	-1.52813
1.68382	-1.81478
1.86782	-1.96989
1.0599	-1.11334
0.86072	-0.810949
0.784063	-0.510374
0.69141	-0.11719
0.739644	-0.467637
0.662831	-1.19216
0.732963	-1.33889
0.877242	-1.32196
0.973249	-1.19381
1.18117	-1.28762
1.18493	-1.17573
1.02034	-0.894492
1.00887	-0.781034
1.13015	-0.85888
1.34525	-1.02133
1.7256	-1.46381
1.62043	-1.25381
1.26816	-0.749784
1.20791	-0.864361
1.54274	-1.40381
1.32896	-0.878079
1.02796	-0.518033
0.983939	-0.346649
0.859866	-0.143641
0.791272	-0.509901
1.76981	-1.28703
1.51972	-1.01425
1.57264	-1.2054
1.56611	-1.24376
1.31443	-1.03611
0.938882	-0.83919
0.814195	-1.00583
1.26715	-1.6283
1.37182	-1.68526
0.893613	-1.13262
0.783493	-1.05346
0.70797	-1.00709
0.710579	-1.08293
0.802022	-1.16537
0.800575	-1.08347
0.740675	-1.01113
0.661441	-0.96679
0.972129	-1.32767
1.1559	-1.38919
0.904977	-1.2976
0.66813	-0.992336
0.973136	-1.0367
1.10991	-1.16275
1.25261	-1.3307
1.38232	-1.27718
1.49166	-1.63415
1.72413	-2.10123
1.81955	-2.12935
1.85548	-2.33426
1.5578	-2.16996
1.35223	-1.84414
0.878631	-1.71127
0.535808	-1.31158
0.220107	-1.07706
0.103671	-0.796548
-0.339044	-0.604317
-0.146753	-0.703204
0.102788	-1.0291
0.969895	-1.41505
1.56219	-1.92597
1.58115	-2.14356
1.70552	-2.23726
1.41221	-1.93734
1.10763	-1.53333
0.357201	-0.643001
0.956253	-0.267813
1.0406	-0.0349761
0.298145	0.35038
0.468625	0.401728
0.791326	0.556783
0.756524	0.385439
0.27369	0.258953
0.535909	-0.240641
0.203468	-0.294811
0.204344	-0.230593
0.642907	-0.273312
0.791777	-0.25071
0.964409	-0.0120939
0.76532	-0.750251
1.52597	-1.28367
1.00743	-0.724855
0.793067	-0.596361
0.829024	-0.818627
1.0737	-1.07575
1.47567	-1.49348
1.28452	-1.4492
0.164081	-0.512248
0.551557	-0.365627
1.01847	0.0860605
1.15492	0.40703
1.24594	0.658585
1.14692	0.723422
1.36568	1.11416
1.2978	1.10582
1.23639	1.1503
1.10972	1.03929
0.9309	0.787514
0.753648	0.330757
0.762827	0.259556
0.85904	0.36313
0.535019	0.211559
0.542732	0.0976242
0.691324	-0.0440681
0.750441	-0.282854
0.783384	0.00116231
0.66154	-0.299934
0.500055	-0.947025
0.585763	-1.32059
0.523466	-1.3952
0.420224	-1.40183
0.30818	-1.37449
0.301733	-1.3787
0.251582	-1.34656
0.121908	-1.30124
0.168303	-1.24517
0.10708	-1.16761
0.488326	-1.03093
1.12952	-1.32295
1.60721	-2.0797
1.44007	-1.84647
1.37429	-1.91398
1.58571	-2.32288
1.43466	-1.94498
0.506162	-1.21474
0.576353	-1.21503
0.435665	-1.11195
0.467206	-0.99116
1.49643	-1.3264
1.94596	-1.47455
1.0763	-0.50845
0.996679	-0.39615
0.383808	0.0238756
0.618167	0.19855
0.627904	0.463948
0.62635	0.460001
0.527227	0.370447
0.782885	0.598325
0.839213	0.737946
1.04544	0.975289
0.610196	0.415701
0.809303	0.472029
0.687451	0.711324
0.64233	0.535309
0.834899	0.722894
0.709019	0.587794
0.437926	0.482471
0.613642	0.506119
0.480269	0.388867
0.269529	0.119511
0.33723	0.117762
0.610578	0.161262
0.298146	0.0101017
0.470769	-0.153325
0.490023	0.217155
0.421921	-0.101384
0.591765	-0.449856
0.50349	-0.0348719
0.543939	-0.0505188
0.778695	-0.173025
0.493725	-0.215702
0.757589	-0.217892
0.624806	-0.067395
0.705985	-0.313781
0.617851	-0.205082
0.76113	-0.283208
0.871358	-0.107503
1.2602	-0.378551
0.749203	-0.30314
0.546797	-0.088084
0.756522	-0.270353
0.878352	-0.386551
0.831681	-0.309862
0.819766	-0.287287
0.842251	-0.306824
0.604666	-0.460861
0.631367	-0.248688
0.619919	-0.289194
0.586067	-0.143918
0.774436	-0.186008
0.716309	-0.262702
0.645964	-0.264234
0.611319	-0.0388754
0.539416	-0.29816
0.499064	-0.156103
0.564966	2.18725e-05
0.589148	-0.157485
0.641466	-0.110326
0.73778	-0.00156302
0.639284	0.113747
0.73533	-0.0747802
0.52557	-0.112111
0.875114	0.0637116
0.513634	0.12624
0.793596	0.0184297
0.699291	-0.0512608
0.736262	0.127295
0.863813	-0.201007
0.637005	-0.0482712
0.660608	-0.0147212
0.432445	-0.225731
0.641936	-0.185283
0.713928	0.00212177
0.600928	-0.374506
0.769996	-0.141979
0.666871	-0.222182
0.805099	-0.296031
0.676804	-0.0447809
0.947828	0.097844
0.991568	-0.0561094
0.852989	-0.213935
0.611568	0.309292
1.01954	0.75565
0.878463	-0.27606
0.748621	-0.524554
0.882221	-0.170293
0.759621	-0.0289749
0.992262	-0.213464
1.12161	-0.289644
1.00259	-0.43092
0.891054	-0.597078
0.824489	-0.282864
0.901459	-0.391325
0.800476	-0.37601
0.541514	-0.403613
1.05757	-1.01616
1.86101	-1.9418
1.01432	-1.23876
1.38684	-1.63723
1.25831	-1.40456
1.36468	-1.45659
1.57843	-1.61413
1.66666	-1.59282
1.43046	-1.14016
1.40534	-1.00584
1.37669	-0.910855
1.63466	-0.907818
2.02272	-1.53229
1.83336	-1.6276
1.5019	-1.06647
1.94998	-1.55309
1.95116	-1.46907
1.55083	-0.767109
0.702513	0.350775
0.905749	0.0796584
1.18505	-0.0504912
1.13134	0.0961944
1.7603	-0.439489
2.32957	-1.71692
2.26426	-1.90548
1.76192	-1.40153
1.28789	-1.31759
1.34686	-1.46926
1.60724	-1.62563
1.79846	-1.80699
1.37999	-1.20655
0.910382	-0.806374
0.831698	-0.447492
1.06443	-0.417108
0.827264	-0.297617
1.23299	-0.830848
1.53444	-1.01228
1.51531	-1.04461
1.43846	-1.02871
1.3616	-1.01118
1.43128	-1.34621
1.12046	-1.13254
0.723778	-0.883786
0.512834	-0.873032
0.563759	-0.975438
1.28637	-1.43051
1.10138	-1.16664
1.27619	-1.41175
1.2276	-1.26514
1.83086	-2.10578
0.791326	-1.26799
-0.170994	-0.880469
-0.546158	-0.826378
-0.674397	-0.921247
-0.795355	-1.03009
-0.763137	-1.09285
-0.802023	-1.19159
-0.749296	-1.24955
-0.567565	-1.24561
-0.31308	-1.17366
-0.110646	-1.07757
0.0661131	-0.935551
0.307938	-0.8324
0.404266	-0.632293
0.61207	-0.624008
0.830568	-0.67539
0.843686	-0.528778
1.02056	-0.657919
1.07131	-0.689922
1.00286	-0.616195
0.978046	-0.62467
0.937438	-0.651591
0.80861	-0.60399
0.679079	-0.569131
0.64324	-0.581235
0.557	-0.580894
0.479564	-0.604669
0.509144	-0.741711
0.530736	-0.805151
0.481567	-0.767413
0.541945	-0.831286
0.580955	-0.904638
0.590111	-0.997079
0.472834	-0.878731
0.433385	-0.879319
0.507915	-0.98991
0.58038	-1.0217
0.454252	-1.10266
0.135979	-0.628904
0.851483	-1.26179
0.623053	-1.20773
0.376036	-1.10648
0.180928	-0.969898
0.174722	-0.981048
0.423678	-1.27126
0.368026	-1.23337
0.689437	-1.53627
0.799433	-1.68529
0.628757	-1.56495
1.52421	-2.42149
1.59661	-2.1436
1.35803	-1.50864
1.6911	-1.84699
1.60504	-1.5071
1.79287	-1.51101
1.8718	-1.5058
2.26167	-2.01953
2.28256	-2.13285
2.27096	-2.05904
2.50115	-2.37485
1.872	-1.28942
1.80102	-1.29176
1.67443	-1.32839
1.41266	-0.834104
1.75411	-1.44675
1.2215	-0.665859
1.34629	-0.958593
1.12958	-0.821894
0.924834	-0.717384
0.68932	-0.507597
0.476684	-0.389052
0.349131	-0.770156
0.338524	-0.886813
0.351564	-0.906443
0.395036	-0.903829
0.501396	-0.928563
0.61048	-1.03788
0.606512	-1.05152
0.584987	-1.02372
0.600861	-1.14357
0.559154	-0.910577
0.793719	-0.793625
1.1379	-1.14836
0.642506	-0.567051
-0.00247357	-0.284739
0.329099	-0.397064
0.132036	-0.0554301
0.0384741	-0.260397
0.30478	-0.0826157
0.368616	-0.207524
0.462842	-0.312623
0.446687	-0.281653
0.437316	-0.531425
0.559693	-0.592911
0.699535	-0.491239
0.757738	-0.58446
0.669237	-0.301316
0.754467	-0.238774
0.72851	-0.633844
0.662375	-0.526466
0.422754	-0.180949
0.95266	0.201075
0.447017	-0.562041
0.522301	-0.879849
0.454707	-0.942685
0.306647	-1.05681
0.373564	-1.10631
0.441399	-1.15922
0.391247	-1.17301
0.604111	-1.37802
0.548004	-1.19915
0.398543	-1.06662
0.388601	-1.12968
0.87291	-1.71809
0.76629	-1.26202
0.763733	-0.556887
1.20228	0.110735
0.759352	-0.432437
0.445077	-0.528899
0.738001	-0.0710158
0.613601	0.0496815
0.595573	0.0261397
0.683559	0.202305
0.611408	0.167854
0.705896	0.414578
0.984273	0.273814
1.16513	0.314567
1.04711	0.409383
0.886839	0.378713
0.842709	0.11046
1.47305	-1.32192
3.02428	-3.3901
3.0367	-3.51305
3.12264	-3.76153
2.89349	-3.42023
2.53685	-3.12465
2.45673	-3.33142
1.64362	-1.81103
1.3172	-1.14579
1.27588	-1.04582
1.33085	-1.04065
1.29871	-0.939507
1.26525	-0.845472
1.35807	-0.914374
1.56143	-1.19391
1.78772	-1.56651
1.8439	-1.57297
2.17312	-2.14635
2.14697	-2.52255
2.00989	-2.30227
1.88721	-2.25413
2.01023	-2.32798
1.37027	-1.36543
1.81474	-2.10256
1.76382	-1.95675
1.35949	-1.47087
1.45204	-1.42806
0.77382	-0.735617
0.675432	-0.298408
0.0987716	0.163672
0.570666	0.256416
0.565512	0.219478
0.503222	-0.11887
0.606096	0.249243
0.534647	0.403115
0.496143	-0.159169
0.329394	0.10532
0.739587	0.196669
0.72848	-0.00498334
0.592998	-0.181462
0.460861	-0.0944934
0.6036	-0.114589
0.550474	-0.0188024
0.735815	-0.306953
0.533737	-0.214127
0.672023	-0.0517817
0.707151	0.0662842
0.52109	0.149147
0.705543	-0.274617
0.563193	-0.384725
0.632837	-0.25515
0.605112	-0.0771209
1.06617	-0.481615
0.909068	-0.23766
0.937166	-0.465521
0.803043	0.0151998
0.949511	-0.177794
0.822745	-0.268418
0.776416	0.0484488
0.577603	0.310491
0.781175	0.110019
0.780662	-0.128717
0.902845	-0.228147
0.632621	0.097177
0.507905	0.224413
0.350242	0.18423
0.566683	0.0281999
0.548062	-0.0553946
0.527072	-0.120521
0.430084	0.0965285
0.449033	-0.102214
0.469617	-0.0732944
0.488204	-0.159282
0.426097	-0.0208284
0.380676	-0.12404
0.966079	-0.689625
0.869683	-0.33029
0.841277	-0.0242989
0.745035	-0.293519
0.722276	-0.323962
0.764919	0.0441796
0.788691	-0.289264
0.627811	-0.0713137
0.681456	0.0038215
0.847668	-0.00951919
0.715766	0.102262
0.804261	0.0229903
0.651791	0.168255
0.906169	-0.237011
0.978846	-0.330036
0.798068	0.00919005
0.835915	-0.351192
0.759327	-0.159776
0.762386	-0.00136282
0.769115	0.100037
0.902689	0.0529742
1.07665	0.226389
0.97102	0.231527
0.9984	0.0002097
1.33843	-0.417476
1.80656	-1.18154
1.52871	-0.887809
1.04475	-0.716985
0.637245	-0.163154
1.04451	-0.815819
1.00624	-0.780346
0.47411	-0.346579
0.608842	-0.707253
1.1091	-1.31739
0.924654	-0.955777
0.556558	-0.560942
0.198102	-0.0947158
0.748349	-0.50776
1.43161	-1.29717
1.69992	-1.83371
1.66573	-1.75183
1.55694	-1.60014
1.73628	-1.84479
1.8351	-1.96253
2.03034	-2.39104
1.66997	-1.78004
1.56154	-1.59361
0.552486	-0.0978314
-0.247002	0.0163471
-0.309964	-0.0119119
-0.572244	-0.0383802
-0.423149	-0.151059
-0.681611	-0.316344
-0.546456	-0.27967
-0.277956	-0.31459
-0.312162	0.276181
0.56427	-0.18488
1.81597	-1.76201
1.67728	-1.54567
1.37005	-1.01069
2.05904	-1.861
2.52661	-2.49949
2.34189	-2.06914
1.30989	-0.830544
1.134	-0.553195
1.02815	-0.426412
0.929762	-0.197723
0.867155	-0.0253171
0.835272	-0.000262326
0.891179	0.0017073
1.03331	-0.210602
1.44602	-0.944121
1.56871	-0.803095
1.55079	-0.881736
1.75085	-1.22342
2.51464	-2.44809
2.72722	-2.65569
2.50543	-2.492
2.12185	-2.03505
2.58576	-2.82063
2.18647	-2.40736
1.95353	-2.62636
2.02162	-2.9346
0.920129	-1.29054
0.492889	-0.702187
0.0110529	-0.32206
0.202527	-0.155519
0.0220946	-0.101837
-0.0200849	-0.0083103
0.384677	-0.586096
1.68894	-1.42137
1.84583	-1.6565
1.77527	-1.62547
1.6329	-1.312
1.65861	-1.27393
1.61358	-1.14927
1.78631	-1.42593
1.64032	-1.18862
1.55485	-1.13185
1.73337	-1.52696
1.92495	-1.80411
1.93809	-1.79161
2.08636	-1.99758
1.90884	-1.60548
2.27032	-2.28947
2.03227	-1.96795
1.65528	-1.35042
2.12329	-2.12954
1.80971	-1.60583
1.74057	-1.51926
2.05246	-1.96045
1.8805	-1.47159
1.70253	-1.33125
2.134	-1.8563
1.80754	-1.42536
2.03569	-1.63568
1.9995	-1.42968
0.58057	-0.0104043
-0.303326	0.111625
-0.427509	0.0157715
-0.119221	-0.199254
0.0733929	-0.125193
0.252181	0.0394423
0.261	-0.135506
0.253922	-0.296637
0.600323	-0.922483
0.868843	-1.60464
0.546989	-1.53104
0.710909	-1.73863
1.0391	-1.9553
1.19799	-2.1029
0.648583	-1.52385
0.767545	-1.46774
0.995784	-1.48245
1.20496	-1.42379
1.38273	-1.50747
1.73185	-1.99311
1.68782	-1.96917
1.66749	-1.8757
1.571	-1.74335
1.47018	-1.54716
0.681319	-0.649941
0.738502	-0.72856
0.280599	-0.169793
0.179096	-0.207081
0.332254	-0.235162
0.200542	-0.398644
-0.0473021	0.028987
0.101221	-0.131427
0.690797	-0.460555
1.18103	-1.15704
1.80911	-2.05257
2.02071	-2.37448
1.98842	-2.35026
2.07199	-2.3613
2.29864	-2.47421
1.40281	-1.04309
0.977822	-0.770544
0.682273	-0.724739
0.725384	-0.866365
0.779856	-0.933053
0.852391	-0.897294
0.930757	-0.901849
1.06341	-0.908826
1.28415	-0.993835
1.4573	-1.07231
1.49393	-0.961071
1.73926	-1.32044
1.69324	-1.24171
1.61732	-1.04862
1.92554	-1.39064
2.21409	-2.27501
1.92295	-2.30013
1.63678	-2.08973
1.53672	-2.02687
1.66854	-2.21019
1.49176	-2.08395
1.45251	-2.01977
1.46339	-2.03601
1.57381	-1.67642
1.39171	-1.41683
1.22246	-1.21987
0.423212	-0.321486
0.365609	-0.0991075
0.805695	-0.763516
1.28883	-1.18655
1.36527	-1.24165
1.48221	-1.32726
1.43625	-1.25323
1.55737	-1.34393
1.79163	-1.56674
1.57334	-1.26243
-0.238864	0.257645
-0.470336	0.144154
-0.118873	-0.0391372
0.314171	-0.406481
0.633193	-0.319809
0.446295	-0.135274
0.495734	-0.157714
0.498743	0.0793261
0.663115	0.0226206
0.771594	-0.00408363
1.26125	-1.11733
1.55427	-1.33542
1.73648	-1.47092
1.77893	-1.4782
1.52812	-1.11596
1.51037	-1.25911
2.06319	-2.31171
2.19401	-2.57887
1.56229	-1.9805
1.16693	-1.63215
1.08654	-1.46556
0.839912	-1.36955
1.11075	-0.997028
1.37723	-0.789473
1.14379	-0.318841
0.713226	-0.002001
1.74667	-1.6062
1.8126	-1.70428
0.718929	-0.666546
-0.0767879	0.0707289
1.41193	-1.28752
1.76738	-1.94237
1.68048	-2.01234
1.48258	-1.86559
1.28043	-1.78564
1.00649	-1.65742
0.914183	-1.64547
0.781664	-1.48346
0.946294	-1.58492
1.25815	-1.73342
1.42258	-1.54072
1.72524	-1.48448
1.88013	-1.47226
2.10538	-1.49432
1.96666	-1.23172
2.32616	-1.54556
2.06124	-1.09011
2.4652	-2.06258
1.87839	-0.837897
1.90585	-1.14794
1.54131	-0.916775
1.29779	-0.789118
1.35513	-0.939195
1.24111	-0.865181
1.00909	-0.480273
0.943832	-0.514494
1.1413	-0.724527
0.948332	-0.565214
0.756818	-0.135931
0.621887	-0.114506
0.683187	-0.18213
0.768647	-0.308888
0.705161	-0.0873574
0.734965	-0.183109
0.716499	-0.0658897
0.670847	-0.188655
0.763128	-0.0415947
0.773442	-0.0641993
0.622261	-0.106006
0.652261	-0.0597885
0.708116	0.0403929
0.617871	-0.00393642
0.863242	-0.0889726
0.847766	0.00752888
0.774509	-0.00774328
0.830902	-0.271507
0.829053	-0.393384
0.598984	-0.188745
