-0.98469	-0.0953059
-0.834647	-0.0462232
-1.02168	0.0136569
-1.06294	0.096489
-1.02058	0.203922
-0.813443	0.0382818
-0.845594	0.177748
-1.08413	0.0970856
-1.00663	-0.0280749
-0.8544	0.165177
-0.906063	0.371326
-0.801051	0.159414
-0.951135	0.103284
-0.833517	-0.00250306
-0.911952	0.088977
-0.753497	-0.0685948
-0.707952	0.0674789
-0.976042	0.0720693
-0.90453	0.0357516
-0.739366	0.13858
-0.75973	0.262991
-0.623869	0.13092
-0.749231	0.17092
-0.891808	0.313173
-0.79861	0.0208812
-0.769028	0.0681052
-0.752512	0.111977
-0.898158	0.345482
-0.850586	0.310762
-0.847179	0.188498
-0.842566	0.230071
-0.734198	0.0279534
-0.697768	0.0948397
-0.91425	0.191556
-0.716407	0.187784
-0.767459	0.34422
-0.564278	0.096819
-0.446886	0.0181489
-0.630249	-0.0466067
-0.894975	-0.03892
-0.932125	0.30636
-1.14999	0.0125251
-1.0298	-0.0883954
-0.776925	-0.0561227
-1.0667	0.13273
-0.949144	-0.192969
-1.07296	-0.193362
-0.73936	0.045047
-0.957822	0.259302
-0.567671	0.661839
-0.683185	0.732747
-0.814859	0.795956
-1.03628	0.995353
-0.943422	0.873574
-0.852437	0.759794
-0.739569	0.835639
-0.719761	0.92043
-0.862997	0.899264
-0.789633	0.87828
-0.610764	0.494378
-0.599825	0.213905
-0.269673	1.16178
-0.211384	1.28542
-0.181494	1.23485
-0.122682	1.29346
-0.239255	1.49521
-0.181596	1.37765
-0.249948	1.11678
-0.656487	0.692113
-0.706325	0.460102
-0.875806	0.0492589
-0.775465	0.0462022
-0.932902	-0.033685
-0.992521	-0.108045
-1.05487	0.0375631
-0.799303	0.167132
-0.815814	0.169574
-0.968826	-0.0267194
-0.860859	0.114779
-1.00886	0.0035143
-0.581314	0.390791
-0.670926	0.42835
-0.897702	0.508772
-0.902604	0.552395
-0.974929	0.57473
-0.84843	0.449299
-0.900223	0.437774
-0.939003	0.425901
-0.877537	0.319903
-0.900547	0.410728
-0.931245	0.452273
-0.980365	0.287622
-0.842116	0.515178
-0.768381	0.499599
-0.84633	0.476915
-0.929929	0.48315
-0.819345	0.316204
-0.856163	0.267741
-0.775213	0.385246
-1.01436	0.140626
-0.797774	0.153975
-0.174308	0.274748
-0.454945	0.51564
-0.625023	0.431439
-0.708995	0.342454
-0.771112	0.387723
-0.625197	0.152745
-0.498482	-0.0429492
-0.723101	0.165614
-0.70717	0.354551
-0.77638	0.535089
-0.635886	0.329624
-0.602537	0.559996
-0.672994	1.04456
-0.526245	1.12457
-0.512356	1.15573
-0.258794	0.940128
-0.0150988	0.857898
-0.0425349	0.415766
-0.663942	0.274644
-0.591223	0.29625
-0.371232	0.138569
-0.145284	0.138628
-0.0609708	0.213012
-0.386578	0.152578
-0.842898	0.368803
-0.966747	0.4561
-0.539281	0.318093
-0.582506	0.403297
-0.523063	0.664911
-0.741839	0.89921
-0.814274	0.884119
-0.960397	0.71951
-1.15713	0.108486
-1.02061	0.0131081
-0.658096	-0.00795246
-0.291047	-0.0456106
-0.194922	-0.0537322
-0.12431	0.0529796
-0.0348281	0.0785397
0.0112272	0.169317
0.231072	0.204457
0.395387	0.100705
0.295611	-0.0627575
0.197911	-0.142159
-0.0161819	-0.353489
-0.325786	-0.421349
-0.53677	-0.441144
-0.716668	-0.337945
-0.884673	-0.10933
-0.932629	0.204854
-0.706976	0.445319
-0.453551	0.648592
-0.297778	0.481812
-0.275075	0.466324
-0.203665	0.463518
-0.171757	0.474964
-0.0295139	0.765727
-0.387598	0.80465
-0.206741	0.888061
-0.227928	0.933062
-0.352121	0.914443
-0.464846	0.876683
-0.41743	0.613133
-0.315809	0.341049
-0.427046	0.357498
-0.543169	0.627466
-0.184646	0.361802
-0.0444807	0.296772
-0.39167	0.103298
-0.492311	0.131774
-0.49119	-0.150466
-0.528014	-0.00366947
-0.580992	-0.159724
-0.554459	-0.092708
-0.959688	0.0607721
-1.08377	0.146565
-0.801663	0.467128
-0.318539	1.19016
-0.144124	1.19124
-0.109388	1.29505
-0.265098	1.21576
-0.338938	1.0661
-0.276682	0.424502
-0.20244	0.456387
-0.380133	0.402221
-0.47772	0.217161
-0.563133	0.00614679
-0.728842	0.0400506
-0.630817	-0.0155857
-0.596205	-0.00652605
-0.541071	-0.12838
-0.43038	-0.00594149
-0.824907	-0.0814853
-0.456587	-0.136101
-0.285035	0.467098
-0.529229	0.548474
-0.604836	0.316783
-0.658733	0.159447
-0.94312	0.276253
-0.834628	0.0420859
-0.948692	-0.0409692
-0.832114	-0.384815
-0.657233	-0.277614
-0.599677	-0.277387
-0.364343	-0.456484
-0.221342	-0.411048
0.0624086	-0.320891
0.0539945	-0.310158
-0.09776	-0.299524
-0.0815002	-0.44207
-0.308094	-0.401288
-0.282734	-0.23538
-0.359842	-0.105921
-0.314864	-0.0233985
-0.696795	-0.053213
-0.718244	-0.187743
-0.812166	-0.0660148
-0.640155	-0.0507679
-0.6637	-0.191526
-0.684867	-0.141022
-0.602055	-0.0214414
-0.632729	-0.183187
-0.524338	-0.0836485
-0.685847	-0.000831637
-0.499034	-0.142125
-0.396688	-0.215548
-0.557618	-0.0798734
-0.590469	-0.176755
-0.83886	-0.12885
-0.710194	-0.0816492
-0.623686	-0.216069
-0.341761	-0.138192
-0.570867	-0.0685839
-0.651402	-0.280225
-0.640654	-0.182275
-0.562382	-0.400753
-0.748126	-0.245768
-0.70023	-0.0444183
-0.494579	-0.120085
-0.885462	0.196653
-0.903143	0.169433
-0.767562	0.242957
-0.698326	0.220021
-0.802975	0.373037
-0.799249	0.40938
-0.666419	0.313606
-0.635148	0.199164
-0.559563	0.363291
-0.57124	0.340484
-0.581684	0.285284
-0.540388	0.407214
-0.655904	0.271485
-0.444476	0.372481
-0.611197	0.398262
-0.555066	0.497692
-0.787093	0.434368
-0.644543	0.495897
-0.521349	0.298193
-0.489044	0.269167
-0.61738	0.210588
-0.750272	0.577902
-0.785438	0.330539
-0.636725	0.532093
-0.710283	0.382776
-0.573182	0.355053
-0.405484	0.36883
-0.504769	0.401496
-0.256879	0.0897992
-0.292698	0.0418827
-0.462123	0.0612032
-0.457487	-0.136674
-0.601785	-0.394163
-0.414689	-0.352256
-0.604008	-0.116111
-0.705067	-0.208071
-0.70861	-0.265347
-0.809754	-0.296159
-0.996709	-0.0596578
-0.993199	-0.17854
-0.976207	0.0420998
-1.06679	0.0039222
-0.881484	-0.0713156
-0.875475	0.0781599
-0.866046	-0.0800993
-0.980534	-0.0793323
-0.939301	-0.155259
-0.989462	-0.0728934
-1.06272	-0.0764717
-0.87542	0.150857
-0.448254	0.714375
-0.531777	1.10025
-0.583272	1.17832
-0.435448	1.19998
-0.320082	1.14457
-0.276961	1.19048
-0.227878	1.20932
-0.0907659	1.2109
-0.130415	1.21461
-0.117913	1.2224
-0.117666	1.23703
-0.173903	1.21542
-0.231851	1.20225
-0.348961	1.11025
-0.453405	0.974668
-0.573281	0.604853
-0.552389	0.309906
-0.398528	0.198172
-0.0459126	0.334825
0.312614	0.345962
0.497814	0.115241
0.489725	0.139757
0.693143	0.212309
0.466506	0.12815
0.181387	0.0444174
0.0193532	-0.0545121
-0.271957	-0.132111
-0.484656	-0.0508101
-0.638225	0.259271
-0.577943	0.584105
-0.379871	0.613872
-0.50073	0.63586
-0.466504	0.847557
-0.805524	0.853521
-0.730294	0.874331
-0.65464	1.01129
-0.715397	1.13923
-0.644329	1.08549
-0.515887	0.891499
-0.526584	0.80492
-0.496177	0.703112
-0.398006	0.630828
-0.385673	0.647119
-0.339353	0.732961
-0.10249	0.83847
0.269104	0.717365
0.246472	0.487965
0.109064	0.473747
-0.0932839	0.325053
0.206924	0.518863
0.00682733	0.626553
-0.45463	0.929115
-0.342897	1.0501
-0.332975	1.04959
-0.452372	1.13388
-0.575	1.19137
-0.60225	1.08224
-0.764638	1.1206
-0.250424	0.903102
-0.018389	0.802498
0.00635844	0.700507
0.0558111	0.620285
-0.00445549	0.716422
0.0829565	0.572609
-0.0790644	0.499355
0.0882553	0.343536
0.109141	0.368889
-0.0640091	0.403535
-0.0601937	0.16872
0.0258718	0.201099
-0.381315	0.224967
-0.888552	0.0445566
-0.661223	0.129705
-0.694327	0.481551
-0.541993	0.589458
-0.532348	0.688327
-0.537518	0.761284
-0.593036	0.870062
-0.501922	0.963051
-0.509401	0.955216
-0.519211	1.04287
-0.513965	1.11306
-0.538545	1.18231
-0.469855	1.07455
-0.428431	1.00135
-0.497904	0.960937
-0.344531	0.898965
-0.192398	1.11457
-0.363648	1.08585
-0.2914	0.813152
-0.197968	0.736347
-0.327982	0.812758
-0.0858612	0.782908
-0.183308	0.697191
-0.404345	0.767047
-0.966979	1.04773
-0.972507	0.638306
-0.901699	0.537491
-0.56747	0.585729
-0.238761	0.350504
-0.560897	0.323882
-0.574585	0.257971
-0.767763	0.202035
-0.538897	0.690533
-0.608262	0.616
-0.650622	0.644545
-0.746329	0.755148
-0.627276	0.449887
-0.595151	0.317581
-0.604191	0.0420736
-0.427915	-0.034071
-0.419706	0.093776
-0.699703	0.375485
-0.906345	0.660505
-0.725512	0.679617
-0.787802	0.967724
-0.671196	0.974721
-0.585699	1.02356
-0.524543	1.0587
-0.260479	1.01431
-0.490498	1.00431
-0.138921	0.709832
-0.433711	0.72761
-0.450619	1.32996
-0.397426	1.37634
-0.350894	1.37611
-0.34529	1.38591
-0.417149	1.30716
-0.556274	1.29099
-0.543941	1.08751
-0.284565	1.08191
-0.209212	0.951389
-0.242416	1.03523
-0.418196	0.867527
-0.52009	0.551318
-0.00341096	0.508913
0.101852	0.581481
0.259401	0.493418
0.287774	0.651068
0.510906	0.61892
0.461494	0.538907
0.504853	0.483694
-0.484925	0.148177
-0.710639	0.00716085
-0.0800251	0.0830897
0.2966	0.0617085
0.488205	-0.0206121
0.000122227	-0.185499
-0.393915	-0.0772422
-0.566948	0.270346
-0.625009	0.610492
-0.472539	0.767253
-0.426781	0.780605
-0.750323	0.936241
-0.634127	1.02106
-0.27152	0.756525
-0.228466	0.869372
-0.245992	0.850767
-0.424175	0.780029
-0.470461	0.607773
-0.507763	0.320929
-0.851966	-0.113499
-0.496395	-0.162043
-0.130866	0.184776
-0.450104	0.163767
-0.740077	0.0252965
-0.658225	0.0935074
-0.564731	0.327372
-0.339709	1.03707
-0.471792	1.21104
-0.271528	1.18216
-0.236752	1.13974
-0.279815	1.1576
-0.233141	0.714172
-0.299769	0.447137
-0.479325	0.93898
-0.594088	0.787036
-0.613935	0.467507
-0.613155	0.207277
-0.459594	0.0450272
-0.435284	0.0525415
-0.248982	0.0756182
-0.153104	0.368423
-0.305035	0.377915
-0.23871	0.262927
-0.477557	0.105578
-0.34177	0.217966
-0.993345	-0.0984121
-1.13747	-0.120067
-1.0463	-0.0670695
-0.921384	0.260483
-0.966758	0.610541
-0.901193	0.757547
-0.818783	0.699992
-0.576061	0.564031
-0.206089	0.337684
-0.235437	0.401612
-0.135302	0.14895
-0.593236	0.335037
-0.647626	0.506804
-0.750637	0.469378
-0.751395	0.393999
-0.594372	0.459102
-0.529844	0.439243
-0.61451	0.465428
-0.636585	0.48295
-0.536101	0.374116
-0.521252	0.416346
-0.435761	0.381899
-0.358141	0.413983
-0.407763	0.714433
-0.310947	0.668902
-0.204422	0.707944
-0.128334	0.850115
-0.0935291	0.826249
-0.0107969	0.724151
-0.00201383	0.871726
0.0098696	0.737608
0.137491	0.637329
0.310132	0.757642
0.223385	0.734197
0.121893	0.566512
-0.446044	-0.171696
-0.164945	-0.342441
0.418043	-0.329623
-0.185755	-0.36067
-0.108687	-0.213009
0.0323617	-0.176713
0.208564	-0.228457
-0.0963256	-0.328207
-0.297649	-0.0401923
-0.374411	-0.123581
-0.15115	-0.0987311
-0.0835107	-0.00268233
-0.349123	-0.0857227
-0.390818	0.0999869
-0.196581	0.0265987
-0.23489	-0.245588
0.219055	-0.157412
0.176901	-0.30891
0.0902451	-0.428344
-0.0256337	-0.568911
0.132841	-0.608316
0.152032	-0.309179
0.111027	-0.288553
-0.393583	0.306302
-0.6278	0.581929
-0.687176	0.30381
-0.502756	0.00655287
-0.131093	-0.101889
-0.376935	-0.242926
-0.269739	-0.190678
-0.539023	0.0632061
-0.301422	-0.248126
-0.21984	-0.100484
-0.984052	-0.195452
-0.976676	-0.166079
-0.821442	-0.00906378
-0.823953	0.0266501
-0.887991	-0.0893161
-1.05212	0.104352
-1.0844	0.0439675
-1.10984	0.056622
-0.872902	-0.0860173
-0.928643	-0.322524
-0.8659	-0.172891
-0.562254	-0.349856
-0.839643	-0.138983
-0.945409	-0.302791
-0.542132	-0.14946
-0.868501	0.257418
-0.554077	-0.0331794
-0.545817	0.0391495
-0.659366	0.284228
-0.641259	0.255285
-0.90287	0.510569
-0.762572	0.448496
-0.650578	0.527928
-0.767757	0.667358
-1.01949	0.574798
-0.933851	0.593388
-0.844675	0.616344
-0.69858	0.493293
-0.813843	0.54273
-0.944529	0.664801
-1.09651	0.776573
-1.18539	0.864746
-1.15171	1.07775
-0.990778	1.2462
-0.725058	1.25213
-0.664837	1.19281
-0.518175	1.25213
-0.412738	1.18086
-0.494078	1.2025
-0.599739	1.17186
-0.597893	1.04738
-0.481385	0.860082
-0.22855	0.718391
-0.166389	0.842182
-0.167748	0.650325
-0.38962	0.563838
-0.368394	0.612407
-0.383825	0.417709
-0.367141	0.202296
-0.918782	-0.09407
-0.818803	-0.207712
-0.872074	-0.162213
-0.481241	0.392083
-0.350681	0.436308
-0.519028	0.439128
-0.521114	0.377792
-0.488322	0.289407
-0.40451	0.217616
-0.489931	0.137577
-0.533249	0.0507463
-0.443988	-0.10473
-0.464146	-0.146429
-0.298473	-0.126385
-0.310245	-0.118031
-0.413245	-0.0497077
-0.742878	0.0363749
-0.704344	0.0174588
-0.727626	-0.130915
-0.812168	-0.143424
-1.21152	-0.63806
-1.02476	-0.0360567
-0.775528	0.337142
-0.811872	0.264496
-0.867388	0.311164
-0.824013	0.25308
-0.844166	0.238542
-0.793693	0.214514
-0.773802	0.112993
-0.837675	0.124525
-0.837275	0.0373988
-0.904636	0.13312
-0.915545	0.129838
-0.84484	0.0629957
-0.823264	0.0337488
-0.727066	-0.0217616
-0.642189	-0.0121746
-0.634647	-0.0984371
-0.683084	-0.200807
-0.817026	-0.239804
-0.841422	-0.314189
-0.873518	-0.314763
-0.958158	-0.308037
-0.953042	-0.284394
-0.885069	-0.219019
-0.904821	-0.20502
-0.933952	-0.102048
-0.918109	-0.0367281
-1.00045	-0.0152871
-1.18473	0.0552781
-1.13459	-0.0110416
-1.15952	0.0308203
-1.09655	0.0468011
-1.04458	0.142481
-0.951862	0.183307
-0.801313	0.24253
-0.620169	0.224991
-0.740011	0.249552
-0.771679	0.252034
-0.738542	0.320369
-0.635059	0.207221
-0.711322	0.33044
-0.680282	0.353183
-0.644547	0.451616
-0.657251	0.568442
-0.39508	0.378387
0.0493874	0.30406
-0.0739665	0.384027
-0.470778	0.266182
-0.676436	-0.126078
-0.642156	-0.015486
-0.842876	-0.014939
-0.714539	0.14666
-0.619688	0.0334926
-0.226858	0.542575
-0.52265	0.509823
-0.559716	0.342578
-0.651192	0.432377
-0.687127	0.366748
-0.802349	0.502579
-0.586972	0.54732
-0.409439	0.611675
-0.320417	0.540069
-0.315767	0.52851
-0.35639	0.507986
-0.0509932	0.36442
0.155707	0.248384
-0.0862237	0.242779
0.0335257	0.312964
-0.265062	-0.0462226
-0.802828	0.340754
-0.187589	0.46869
-0.579582	0.362996
-1.25506	0.208099
-1.36501	0.234252
-0.593197	0.0899126
-0.70064	0.278377
-0.622134	0.44739
-0.399907	0.785126
-0.233972	1.12076
-0.370884	0.997843
-0.366401	1.11192
-0.276312	1.00556
-0.364016	1.03127
-0.433818	0.883938
-0.539731	0.811459
-0.385109	0.438628
-0.391142	0.31464
-0.31332	0.279422
-0.209073	0.1645
-0.205968	0.15986
-0.319003	0.219115
-0.392347	0.299247
-0.445983	0.510952
-0.416494	0.86042
-0.212563	0.989763
-0.0493445	0.897173
0.043061	0.583944
-0.127597	0.392773
-0.15523	0.426226
-0.13306	0.455294
-0.110758	0.401708
-0.101782	0.429989
-0.140845	0.501722
-0.133138	0.653828
0.139466	0.56807
0.0517845	0.569713
-0.155098	0.49298
-0.18056	0.523592
-0.320605	0.416691
-0.38815	0.46936
-0.5248	0.402671
-0.686153	0.374593
-0.644882	0.229056
-0.396492	0.153669
-0.269488	-0.0881224
-0.460377	-0.116753
-0.682448	-0.0125391
-0.584129	0.0922732
-0.720614	-0.0806295
-0.689489	0.0347564
-0.750046	0.261116
-0.765878	0.244234
-0.754498	-0.0142293
-0.604106	0.09178
-0.608229	0.128238
-0.500758	0.0326214
-0.641935	0.0741281
-0.612139	-0.125894
-0.649256	-0.0995813
-0.606459	-0.292368
-0.820414	-0.0253869
-0.87376	0.0441597
-0.511816	-0.195078
-0.706295	-0.093675
-0.832379	0.0799345
-0.936396	0.0650109
-0.820219	0.0901578
-0.893532	0.0652443
-0.793828	0.0754335
-1.00198	0.200233
-0.968626	-0.033183
-0.835297	-0.0758568
-0.797613	-0.0387332
-1.11358	0.0115433
-1.02638	-0.0812401
-0.929953	0.146678
-0.748805	-0.00959417
-0.727735	0.225994
-0.746435	0.0398876
-0.879936	-0.00708867
-0.840081	0.147592
-0.605444	-0.0206343
-0.722413	-0.0629774
-0.890018	0.0122054
-0.997414	-0.0561186
-1.04523	0.00630565
-0.917868	-0.054144
-0.947699	-0.154611
-1.0149	-0.272604
-0.93033	-0.31866
-1.00997	-0.26288
-0.921151	-0.322877
-1.02098	-0.439544
-0.974928	-0.270738
-1.06934	-0.464073
-0.84399	-0.570122
-0.784657	-0.71294
-0.769559	-0.539097
-0.5943	-0.312779
-0.366139	-0.066785
-0.500523	-0.068646
-0.578193	-0.0843647
-0.672395	0.0493247
-0.648585	-0.246723
-0.665413	-0.301876
-0.865409	-0.149692
-0.996777	-0.3259
-1.01034	-0.394865
-1.08303	-0.164747
-1.04817	-0.269614
-1.2038	-0.379476
-1.25095	-0.400333
-1.08801	-0.251263
-0.986328	-0.130916
-0.686486	-0.155997
-0.647336	-0.0417018
-0.664416	0.191142
-0.624201	0.320814
-0.394166	0.128861
-0.483822	0.249738
-0.485748	0.342567
-0.296735	0.412587
-0.329196	0.4757
-0.314672	0.273316
-0.135652	0.214125
-0.221213	0.135639
-0.0664076	0.231032
-0.123691	0.296797
-0.169273	0.455191
-0.187736	0.252048
-0.193673	0.0628746
0.160655	0.0583699
0.401049	0.383317
0.477549	0.422122
0.531445	0.49324
0.467837	0.404464
0.382255	0.369178
0.0649095	0.23229
-0.517226	0.168135
-0.886031	0.0732749
-0.801541	-0.0309421
-0.644729	-0.0368437
-0.177425	-0.0458326
-0.0734	-0.186273
-0.0927812	-0.403515
0.0230397	-0.427757
-0.272619	-0.272973
-0.50578	-0.10619
-0.464658	-0.0942019
-0.521762	0.0855566
-0.775844	0.169071
-0.603021	0.243668
-0.284831	0.655956
-0.105235	1.06746
-0.271343	1.1119
-0.389788	1.01834
-0.188129	0.858855
-0.560074	0.358029
-0.575299	0.138775
-0.604385	-0.107946
-0.871027	-0.079246
-0.817951	-0.150159
-0.76868	-0.250828
-0.538612	-0.224414
-0.474405	-0.0199181
-0.374149	0.423896
-0.648411	0.155074
-0.821062	-0.0511404
-0.768449	-0.0849664
-1.04804	-0.0224676
-0.880641	-0.357067
-0.713311	-0.230215
-0.859361	-0.26124
-0.615319	0.102983
-0.67598	-0.025747
-0.756485	-0.105819
-0.44728	-0.0516839
-0.610231	-0.0330508
-0.606994	0.0263697
-0.602447	-0.106987
-0.826665	-0.0235232
-0.752367	0.176033
-0.79503	0.154274
-0.149243	-0.307596
-0.465505	-0.0911474
0.0326081	-0.214683
0.22471	-0.233684
0.212287	-0.0286587
0.0117623	0.20813
-0.072727	0.324224
-0.337057	0.354587
-0.318079	0.373092
-0.243295	0.528522
-0.197652	0.430415
-0.135077	0.451229
0.00865351	0.412023
0.0675727	0.459045
0.38372	0.541205
0.298447	0.391885
0.0962351	0.128988
-0.0472326	0.174471
0.03858	0.165219
-0.117298	0.0580581
-0.0164099	-0.140969
-0.755311	-0.0595628
-0.873249	-0.0198803
-0.689673	0.326809
-1.07418	0.639198
-1.24446	1.05528
-0.971413	1.17271
-0.742753	0.962328
-0.600777	0.831488
-0.617373	0.682861
-0.824473	0.629076
-0.862545	0.577508
-0.878226	0.600991
-0.924265	0.60901
-0.896946	0.589988
-0.810718	0.556075
-0.79728	0.571943
-0.785376	0.617556
-0.668033	0.574074
-0.671857	0.512853
-0.671383	0.526733
-0.74076	0.643675
-0.50545	0.552781
-0.317671	0.281012
-0.299188	0.222539
-0.185507	0.195148
-0.389491	0.445771
-0.42455	0.39661
-0.386869	0.121639
-0.530639	0.113275
-0.427451	0.0844555
-0.762115	0.0121003
-0.736786	0.0539137
-0.659142	0.182039
-0.494779	-0.155566
-0.445364	-0.0406435
-0.660953	-0.192193
-0.728896	-0.204521
-0.587881	-0.03214
-0.657816	-0.173064
-0.687668	-0.163044
-0.391751	0.0841325
-0.442647	-0.137789
-0.504977	-0.160324
-0.481144	-0.10511
-0.575912	-0.125481
-0.70069	-0.136556
-0.572693	-0.186343
-0.537935	-0.0565055
-0.478117	-0.0473784
-0.546015	-0.185923
-0.114929	-0.116731
0.567893	0.108643
-0.0854339	0.323755
0.0627921	0.410858
0.222492	0.400981
0.0119525	0.438726
-0.247587	0.598849
-0.276123	0.5369
-0.651485	0.405311
-0.579021	0.565026
-0.583387	0.637365
-0.717007	0.71113
-0.764469	0.193767
-0.724399	-0.0640541
-0.745355	-0.100178
-0.926832	0.108481
-0.905114	0.228854
-0.884703	0.488322
-0.890613	0.766134
-0.55532	0.792162
-0.246658	0.896599
-0.31528	0.611527
-0.353591	0.459502
-0.316939	0.557646
-0.413746	0.560699
-0.318037	0.617455
-0.279067	0.657939
-0.315271	0.661276
-0.136123	0.529599
-0.195651	0.581841
-0.0910596	0.384478
-0.0865996	0.510603
-0.0811833	0.434335
-0.0252534	0.496556
-0.140746	0.598512
-0.303835	0.55772
-0.215354	0.494691
-0.547971	0.513695
-0.712023	0.483578
-0.742518	0.283792
-0.93942	0.436287
-0.857574	0.795495
-0.621482	0.794898
-0.322998	0.67574
-0.488335	0.721349
-0.545628	0.791522
-0.434346	0.625268
-0.419265	0.464683
-0.371049	0.326823
-0.547626	0.433716
-0.502771	0.322613
-0.478571	0.258739
-0.513666	0.108554
-0.482379	0.107519
-0.159794	0.183628
-0.0455868	0.0584463
-0.219704	-0.072564
-0.672652	0.151836
-0.663597	0.0376947
-0.821562	0.114291
-0.683819	-0.0518788
-0.708186	-0.132527
-0.620608	-0.131331
-0.82846	-0.146435
-0.970266	-0.242163
-0.959293	-0.491089
-0.528726	-0.639105
-0.894211	-1.08564
-0.614405	-0.780235
-0.276444	-0.440637
-0.276893	-0.404683
-0.300883	-0.336886
-0.17003	-0.425915
-0.385009	-0.223845
-0.547223	-0.714069
-0.676185	-0.825747
-0.198344	-0.58975
-0.0813468	-0.79674
-0.100685	-0.68874
-0.1742	-0.440433
-0.332165	-0.258674
-0.0253987	0.033767
0.211825	0.140151
0.0326128	0.223395
-0.244336	0.114605
-0.69492	0.435074
-0.705676	0.499325
-0.549184	0.315304
-0.478053	0.250045
-0.482871	0.310887
-0.477543	0.219622
-0.488372	0.256749
-0.352088	0.211621
-0.243454	0.116136
-0.220914	0.300433
-0.132576	0.164282
-0.0933167	0.159531
0.0656572	0.00627095
-0.00836668	0.124084
-0.133469	0.226018
-0.194737	0.245797
-0.242446	0.300285
-0.340152	0.280556
-0.234459	0.225415
-0.312819	0.27928
-0.476308	0.452477
-0.449268	0.518758
-0.413691	0.533102
-0.591799	0.671471
-0.588922	0.669804
-0.682453	0.703551
-0.756622	0.641903
-0.785489	0.392893
-0.79051	-0.0203898
-0.51083	-0.301081
-0.402418	-0.425232
-0.340176	-0.450685
-0.31919	-0.455031
-0.118073	-0.484316
-0.0338081	-0.47271
0.0469003	-0.591435
0.095466	-0.535847
0.379915	-0.560694
0.63713	-0.330979
0.648595	-0.0506609
0.641517	0.0120038
0.584873	0.316344
0.749777	0.346374
0.700269	0.47143
0.674182	0.475089
0.727627	0.474535
0.756692	0.51955
0.789435	0.513257
0.639931	0.422643
0.478708	0.642242
0.51644	0.372439
0.202079	0.34337
-0.178639	-0.0568727
-0.800656	0.00528013
-0.51141	0.0328749
-0.0632252	0.0488224
-0.24126	-0.0285931
-0.228181	-0.0617271
-0.210158	-0.0576334
-0.535875	-0.186904
-0.528511	-0.083561
-0.52641	0.0265954
-0.416613	-0.142438
-0.410437	-0.142354
-0.558046	-0.117425
-0.555689	0.00104212
-0.435537	-0.219771
-0.776994	-0.028336
-1.06495	0.395796
-0.906113	-0.130063
-0.84066	-0.0810424
-0.701981	0.140821
-0.589463	-0.230004
-0.591721	-0.340807
-0.660988	-0.365747
-0.594825	-0.377041
-0.465411	-0.153995
-0.46359	-0.323036
-0.523525	-0.231758
-0.648163	0.0161845
-0.541117	-0.15987
-0.618371	-0.257945
-0.594527	-0.296266
-0.540403	-0.274999
-0.566958	0.0827251
-0.733101	0.100209
-0.573785	0.086775
-0.806823	-0.270405
-0.821134	-0.298019
-0.723935	-0.0491883
-0.959093	0.0373233
-1.07269	0.180411
-0.920957	0.143973
-0.74959	0.167545
-0.71148	0.159568
-0.769696	0.2092
-0.983272	0.333875
-0.969997	0.0738951
-0.742273	0.0540417
-0.692757	0.266034
-0.79739	0.234036
-0.854868	0.00881495
-1.01372	0.214618
-0.937576	0.254454
-0.953194	0.474578
-0.793411	0.352867
-0.716385	0.427091
-0.728819	0.19409
-0.685454	0.35694
-0.43537	0.458977
-0.478805	0.350044
-0.61983	0.501609
-0.636425	0.43365
-0.536608	0.344461
-0.581552	0.408797
-0.688959	0.258811
-0.636811	0.52595
-0.629849	0.251275
-0.65264	0.321102
-0.603533	0.344452
-0.54109	0.266817
-0.453247	0.16913
-0.324202	0.131664
-0.0965776	0.15701
-0.34285	0.463256
-0.0913393	0.414936
-0.0448711	0.346359
-0.50254	-0.0274811
-0.556508	-0.104126
-0.295718	-0.114891
-0.410182	-0.00926844
-0.167106	-0.00295078
-0.119505	0.103627
-0.295205	0.230141
-0.535646	0.0929439
-0.873963	0.110231
-0.822462	0.133934
-0.826135	0.358503
-0.865724	0.628113
-0.413126	1.2083
-0.293112	1.32775
-0.454407	1.30877
-0.377403	1.10484
-0.422598	1.03175
-0.507699	0.976385
-0.575975	0.672704
-0.657301	0.571658
-0.807791	0.446493
-0.679463	0.230334
-0.553726	0.026861
-0.298842	-0.0974638
-0.367402	-0.017244
-0.56591	0.346057
-0.671945	0.43702
-0.684264	0.570565
-0.71518	0.564891
-0.732565	0.76463
-0.48695	0.721296
-0.34913	0.687794
-0.124859	0.514318
0.0268508	0.740226
0.0319351	0.530439
0.116711	0.748211
-0.0137077	0.589706
-0.252473	0.185382
-0.241762	0.458195
-0.737461	0.0965247
-0.691362	0.219137
-0.252804	0.461208
-0.131359	1.15973
-0.1948	1.16204
-0.279602	1.03594
-0.407886	1.03092
-0.417351	0.935234
-0.363986	0.932537
-0.490801	1.00056
-0.614479	0.950276
-0.545563	0.937254
-0.656165	0.900892
-0.825944	0.734077
-0.634168	0.34999
-0.694213	0.321587
-0.548316	0.26068
-0.550535	0.239905
-0.747369	0.197091
-0.54643	0.128695
-0.280831	0.0126258
-0.227475	-0.0419325
-0.176611	-0.122509
-0.000306068	-0.164803
-0.0254176	-0.126825
-0.0801105	-0.181459
-0.149249	-0.117646
-0.0879634	-0.0706187
-0.213785	-0.0746076
-0.477319	0.078741
-0.644841	0.583293
-0.316909	0.890996
0.106082	0.492819
0.121336	0.316357
0.340569	0.288237
0.323314	0.246397
0.526363	-0.0139935
0.400306	-0.0809717
-0.0183295	-0.0959364
0.0238275	0.208214
-0.114267	0.424322
-0.315174	0.661156
-0.556956	0.610183
-0.517055	0.489842
-0.244964	0.288468
0.130301	0.212998
0.424461	0.261247
0.405113	0.173931
0.580033	0.172918
0.594006	0.24467
0.406433	-0.079394
0.370945	0.020957
0.0448909	0.0344121
-0.178658	-0.0483595
-0.311735	-0.134747
-0.59374	-0.0745341
-0.702066	-0.200909
-0.807259	-0.0977525
-0.900574	0.0277292
-0.79567	0.165533
-0.872652	0.382303
-0.944622	0.61567
-0.92536	0.716946
-0.583949	0.504222
-0.689147	0.611531
-0.794424	0.650422
-0.798684	0.870474
-0.627484	0.867227
-0.585916	0.882667
-0.591086	0.960295
-0.52426	1.01329
-0.503349	1.02586
-0.448941	0.982741
-0.490244	1.06652
-0.489449	1.10442
-0.599642	1.1209
-0.48085	1.08249
-0.184127	1.03272
-0.0873844	1.11351
-0.112524	1.25269
-0.237514	1.12227
-0.269715	0.939846
-0.448244	0.524668
-0.406538	0.174704
-0.679901	0.166353
-0.552121	0.173007
-0.474557	0.0743471
-0.553961	0.0319111
-0.65061	0.240346
-0.409346	-0.067458
-0.480629	-0.242256
-0.672154	-0.00258847
-0.491978	0.0366353
0.0613619	0.178167
0.0988919	0.421183
0.293999	0.155969
-0.0177976	0.17945
-0.242243	0.213819
-0.301287	0.185851
-0.670102	0.0542834
-0.729375	-0.110597
-0.87346	-0.123559
-1.00248	-0.0635198
-0.78081	-0.0889075
-0.595552	-0.116346
-0.563056	0.128387
-0.601518	-0.103605
-0.900042	-0.327948
-0.874855	-0.043378
-1.0311	-0.302976
-1.17034	-0.276722
-1.3786	-0.00843416
-1.51827	-0.0509025
-1.20314	-0.222555
-1.04393	0.172212
-0.578598	0.957598
-0.529716	1.09873
-0.592541	1.11297
-0.532369	0.970999
-0.644161	0.95146
-0.688989	0.979441
-0.306637	0.708413
-0.749937	0.636762
-1.07076	0.704898
-0.694346	0.265646
-0.766851	0.228027
-0.470014	-0.0163844
-0.769485	-0.0914899
-0.883927	0.0138781
-0.733855	-0.182849
-0.82433	-0.109191
-0.664209	-0.114845
-0.443599	-0.282192
-0.460481	-0.371712
-0.5403	-0.396796
-0.447665	-0.515187
-0.346789	-0.551468
-0.334074	-0.496107
-0.209872	-0.416241
-0.222551	-0.298253
-0.0723308	-0.0861148
-0.0450989	0.0607483
0.0290262	0.106887
-0.258028	0.162487
-0.43714	-0.0707988
-0.444964	-0.110895
-0.296613	-0.106414
-0.551676	-0.367579
-0.377397	-0.305
-0.401291	-0.211555
-0.210934	-0.158285
-0.294345	-0.158525
-0.472007	-0.0741507
-0.243829	-0.315402
-0.278702	-0.155897
-0.143235	-0.332405
-0.329574	-0.239045
-0.337939	-0.198328
-0.337004	-0.153625
-0.461006	-0.253819
-0.772304	0.170543
-0.638237	0.228799
-0.397835	0.129992
-0.379394	0.0620699
-0.438763	-0.0951658
-0.552339	-0.0859818
-0.561695	-0.0448784
-0.460642	-0.154146
-0.411422	-0.0652618
-0.376942	0.06347
-0.247553	0.187143
-0.138247	0.585856
-0.244502	0.423923
-0.0379867	0.300794
0.302296	0.0869603
0.426961	0.238137
0.0313016	0.403898
-0.283939	0.366497
-0.734885	0.290617
-0.755294	0.175612
-0.794414	0.272973
-0.81981	0.38594
-0.676047	0.473009
-0.564626	0.594025
-0.315819	0.623993
-0.252193	0.599548
-0.411071	0.537977
-0.731087	0.209182
-0.71436	0.349512
-0.641774	0.296978
-0.754964	0.273585
-0.87077	0.00744437
-0.856272	-0.173095
-0.692065	-0.0509104
-0.570089	0.102364
-0.60191	0.369404
-1.12351	0.424907
-0.912909	0.58433
-0.659594	0.486735
-0.551561	0.330715
-0.437092	0.693758
-0.453359	0.346175
-0.552491	0.252734
-0.896688	0.211806
-1.05569	0.403329
-0.706941	0.782549
-0.593079	0.837646
-0.791427	0.592042
-0.776514	0.510095
-0.782286	0.343849
-0.746496	0.525207
-0.678182	0.51359
-0.696761	0.477312
-0.782842	0.522685
-0.87649	0.467279
-0.979849	0.336712
-0.935128	0.156778
-0.80503	-0.0204921
-0.688424	-0.132632
-0.50396	-0.147265
-0.511298	-0.0363457
-0.413327	-0.130815
-0.414639	-0.107921
-0.555717	-0.00297606
-0.761129	0.100855
-1.14438	0.12752
-1.01327	-0.375998
-0.889023	0.0479752
-1.24082	0.371173
-1.22535	0.199768
-1.06678	-0.014717
-1.00641	-0.0927833
-1.03224	-0.219121
-1.15192	-0.133636
-1.10211	-0.0993798
-1.1686	0.0612951
-0.920376	0.0733464
-1.0575	-0.105362
-1.41815	-0.370935
-1.04008	-0.365133
-0.848351	-0.184328
-0.963565	0.00923373
-0.659271	0.104402
-1.01993	0.26476
-0.889093	0.0132943
-0.757827	-0.0317595
-0.717536	0.0157953
-0.697737	0.158826
-0.637956	0.347489
-0.777228	0.418874
-0.816491	0.3821
-0.730618	0.301164
-0.483932	0.314471
-0.544207	0.296045
-0.624093	0.376895
-0.6663	0.464902
-0.557859	0.133738
-0.252237	-0.0151348
-0.0819468	-0.028647
0.022766	0.0170741
0.0736105	0.0684917
0.0654328	0.0334458
0.103026	0.251716
0.251797	0.305217
0.271641	0.553695
0.201296	0.552407
0.273865	0.240806
-0.0207175	0.130982
-0.136205	-0.0328362
-0.00503293	0.00519773
-0.0848961	-0.13071
-0.0901022	-0.0577411
-0.362318	-0.0892745
-0.673804	-0.0126652
-0.841603	-0.0351658
-0.879588	-0.183891
-0.573802	-0.0249244
-0.504311	-0.287462
-0.713841	-0.212326
-0.921231	-0.161171
-1.06694	-0.195239
-1.20355	-0.0977663
-1.19762	-0.0862516
-1.12999	-0.0350546
-1.12901	0.0210353
-1.00217	0.11176
-0.961115	0.252254
-0.958499	0.458958
-0.882507	0.692458
-0.864838	0.592853
-0.689699	0.431501
-0.748094	0.357906
-0.800921	0.377517
-0.77114	0.370402
-0.704308	0.310802
-0.704403	0.363717
-0.769168	0.492461
-0.696512	0.527291
-0.637165	0.450866
-0.554595	0.440109
-0.644109	0.665525
-0.691646	0.703379
-0.799003	0.736516
-0.764732	0.587775
-0.760147	0.478622
-0.865022	0.460702
-0.825415	0.385317
-0.832758	0.468908
-0.901147	0.481263
-0.76378	0.380055
-0.681239	0.382826
-0.734608	0.398859
-0.538144	0.33132
-0.571843	0.346646
-0.536658	0.349966
-0.739314	0.649048
-0.734487	0.61444
-0.852076	0.805218
-0.842819	0.973834
-0.715566	0.90404
-0.706219	0.862463
-1.00565	0.596038
-0.855011	0.725188
-1.06513	0.759761
-0.928845	0.353863
-0.69287	0.113337
-0.582275	0.0902529
-0.186973	-0.0618969
0.0481695	0.0580041
0.287408	0.068351
0.446479	0.110967
0.455547	0.0338285
0.316356	0.254804
-0.675312	0.190764
0.0883534	0.373827
0.312246	0.453582
0.233113	0.291097
0.0763754	0.249472
-0.0310499	0.276334
-0.329256	0.19778
-0.318478	0.210414
-0.478554	0.255085
-0.581452	0.0712502
-0.676134	-0.0577083
-0.714347	-0.00824569
-0.574783	0.0949132
-0.359748	0.0230331
-0.478877	0.0351829
-0.654832	-0.240923
-0.689886	-0.0530084
-0.909975	-0.154136
-0.745718	-0.218563
-0.605081	-0.0605928
-0.649943	-0.0186069
-0.666052	-0.0123563
-0.507675	-0.0826929
-0.66601	-0.0153773
-0.701609	-0.128972
-0.50795	-0.00109677
-0.289016	-0.127826
-0.495695	0.179933
-0.459993	0.0820706
-0.472595	0.076853
-0.663283	-0.131456
-0.67938	-0.111136
-0.455189	0.082395
-0.606331	0.301909
-0.704498	0.29564
-0.841003	0.352489
-0.368854	0.639477
-0.489832	0.625457
-0.709476	0.656734
-0.785077	0.618888
-0.881008	0.684175
-0.867382	0.724786
-0.660332	0.291921
-0.591139	0.0210705
-0.580608	-0.0892738
-0.464444	-0.0749703
-0.212	-0.096397
-0.0633565	-0.150811
-0.180744	-0.0597219
-0.0209004	0.1659
-0.180145	-0.0757373
-0.339198	-0.263178
-0.43998	-0.281575
-0.219764	-0.470218
-0.873061	-0.897434
-1.04274	-0.696139
-0.607876	-0.334222
-0.676957	-0.37718
-0.687782	-0.411893
-0.669691	-0.416396
-0.610766	-0.364784
-0.538679	-0.244567
-0.808382	-0.00738205
-1.01859	0.210139
-0.877708	0.26375
-0.747443	0.407595
-0.683661	0.289914
-0.692734	0.33988
-0.329289	0.376628
-0.194639	0.374032
-0.430108	0.38701
-0.62181	0.726372
-0.5124	1.35542
-0.303785	1.39974
-0.0765962	1.28202
0.0150768	1.17257
-0.00994208	1.18798
-0.0051478	1.16087
-0.130576	1.08025
-0.211778	1.16428
-0.346666	1.24624
-0.430311	1.11759
-0.459899	1.10458
-0.153545	0.984787
-0.215443	0.791391
-0.23837	0.467957
-0.238216	0.438688
-0.266003	0.374165
-0.163043	0.0445357
-0.0556151	0.311776
0.233635	0.0370333
0.208929	0.102891
-0.386441	0.547884
-0.633172	0.416743
-0.655407	0.220335
-0.861441	0.260954
-0.864195	0.251404
-0.888377	0.169344
-0.946998	0.222761
-0.964492	0.222617
-0.975695	0.0980288
-0.606422	-0.111572
-0.73728	-0.478904
-0.634837	-0.622147
-0.675414	-0.793472
-0.727342	-0.681032
-0.830559	-0.622896
-0.972109	-0.40232
-1.03479	-0.272693
-0.979748	-0.164938
-0.99318	0.213238
-0.681429	0.410668
-0.594679	0.708489
-0.337752	1.00817
-0.154824	1.06049
-0.0977698	1.03785
0.103688	1.11957
-0.048732	1.2193
0.140086	1.12813
0.266511	1.0775
0.303633	0.975788
0.253009	0.876839
0.40216	0.761652
0.0415291	0.8186
-0.00547997	1.06695
-0.0440223	0.913871
-0.115501	0.812297
-0.165318	1.00747
0.0652243	0.805742
-0.111298	1.12219
-0.389843	0.899952
-0.449748	1.10079
-0.553564	1.11759
-0.565176	0.907136
-0.607341	0.927465
-0.820574	0.868504
-0.327372	0.458884
-0.0603419	0.188161
-0.0254037	0.213635
0.235029	0.151138
0.11259	0.180432
0.0233794	0.178459
-0.151676	0.0639001
-0.357402	-0.146997
-0.82335	-0.220551
-0.822793	0.0902767
-0.635913	0.167492
-0.474493	0.32813
-0.794243	0.204379
-0.922684	0.252059
-0.900049	0.206361
-0.773666	0.224667
-1.05754	0.415679
-1.1678	0.2675
-0.877864	0.432649
-0.766986	0.81493
-0.774731	0.723838
-0.608511	0.488279
-0.586019	0.507136
-0.555521	0.53453
-0.588731	0.566181
-0.528745	0.571338
-0.338642	0.39737
-0.236691	0.819954
0.0226778	0.96768
-0.026721	0.884539
-0.0730262	0.85601
-0.161744	0.652452
-0.484111	0.748805
-0.690965	0.919844
-0.510477	0.897792
-0.519297	0.891083
-0.483475	1.42471
-0.162655	1.23932
0.016405	0.906166
-0.135563	0.880319
-0.00702081	0.67181
-0.288274	0.624203
-0.420074	0.438365
-0.405555	0.208762
-0.446097	0.0841219
-0.364184	-0.0575811
-0.252563	-0.16151
-0.0768556	-0.046105
-0.146092	0.05219
0.0725756	-0.0333116
0.0110045	-0.121345
-0.0851193	-0.270597
-0.059877	-0.439941
-0.344007	-0.241745
-0.320143	-0.315966
-0.436441	-0.185514
-0.394228	-0.220239
-0.436018	-0.259017
-0.614608	-0.148232
-0.562533	0.000123508
-0.477871	-0.0158911
-0.619572	-0.201051
-0.536409	-0.169306
-0.521217	-0.0189468
-0.445403	0.0460385
-0.565562	-0.0531397
-0.486078	-0.272946
-0.858103	-0.30543
-0.842499	-0.25701
-0.882023	-0.296788
-1.14399	-0.223917
-1.07687	-0.164359
-1.00608	-0.159986
-0.848112	-0.106762
-0.930302	-0.0641418
-1.01449	-0.21459
-1.31945	-0.0274352
-1.26702	0.114677
-1.17838	0.0388624
-1.04067	-0.0245523
-1.15016	0.203325
-1.26557	0.142195
-0.89528	0.0549938
-1.19236	-0.0909018
-1.12177	0.117559
-1.0107	-0.0920363
-1.23536	0.00405341
-0.935326	-0.150085
-0.989478	-0.311497
-0.886486	-0.113832
-0.950202	-0.272661
-1.19119	-0.260735
-1.21131	-0.283577
-1.06352	-0.391256
-1.01196	-0.432621
-0.740593	-0.184052
-0.613444	-0.0832998
-0.61595	0.242788
-0.449211	-0.202154
-0.369486	-0.273015
-0.326165	-0.0622769
-0.539089	-0.215684
-0.412172	-0.147481
-0.71096	-0.156038
-1.03221	-0.2684
-1.12446	-0.194528
-1.1625	-0.369221
-0.970742	-0.424377
-0.825547	-0.56232
-0.536285	-0.346162
-0.393084	-0.193316
-0.295795	0.648002
-0.349087	0.30495
-0.535212	0.326773
-0.391505	0.476579
-0.338213	0.489655
-0.591908	0.598108
-0.665395	0.483577
-0.32675	0.174512
-0.13566	0.0102113
-0.259689	0.0834639
-0.420645	0.320849
-0.399854	0.351909
-0.30723	0.638694
-0.115194	0.655569
-0.0900911	0.823789
0.00916792	0.650329
0.0697748	0.832854
0.0134553	0.762417
0.136425	0.787017
-0.0445175	0.999516
-0.256324	0.527327
0.1441	0.131428
0.316638	-0.0928221
0.210604	-0.219382
0.204163	-0.344839
0.216987	-0.319558
0.274504	-0.382298
0.288785	-0.310975
0.0662692	-0.0874993
-0.292307	0.255664
-0.198217	0.378101
-0.296219	0.442561
-0.349592	0.650766
-0.299871	0.673996
-0.310596	0.81171
-0.164821	0.724688
-0.132067	0.289656
-0.482981	-0.218205
-0.457996	0.386177
-0.818748	0.679603
-1.02107	0.688831
-0.290809	0.420758
-0.705191	0.298781
-0.767083	0.369532
-0.957116	0.29748
-0.997586	0.112893
-0.913	-0.0388945
-0.893131	-0.117892
-0.690868	-0.120166
-0.390669	-0.0339878
-0.513676	-0.132355
-0.583445	-0.105823
-0.46635	-0.227467
-0.582307	-0.256201
-0.527314	-0.205943
-0.618297	-0.0794242
-0.721583	-0.0719646
-0.482586	-0.01959
-0.925212	-0.243347
-1.072	-0.320972
-1.11557	-0.200011
-1.13574	-0.0902952
-0.904977	-0.0667736
-0.743071	0.143487
-0.47602	0.324812
-0.19961	0.327195
-0.283207	0.167652
-0.43212	0.298089
-0.590694	0.218652
-0.568954	0.317319
-0.390201	0.0961598
-0.421398	0.047251
-0.374079	0.102306
-0.188598	-0.00279366
-0.00805053	-0.00131545
-0.0182468	0.201535
-0.316484	0.159158
-0.510902	0.207193
-0.97501	0.363047
-1.11144	0.263313
-1.20138	0.0782514
-1.16707	-0.139936
-1.12268	-0.192132
-1.06287	-0.0502839
-0.932751	0.0415551
-0.772781	-0.00397801
-0.506734	0.306421
-0.261611	0.382655
-0.155226	0.353268
-0.271525	0.552184
-0.200482	0.622613
-0.195496	0.496318
0.0429514	0.303799
-0.0226761	0.344837
-0.0689218	0.248896
-0.08779	0.275856
-0.0428887	0.345391
-0.0325203	0.507523
0.0590381	0.344977
0.0808275	0.400435
0.168807	0.432446
0.0708097	0.35688
-0.233359	0.0417746
-0.312105	0.0409772
-0.207767	-0.232491
-0.438616	0.00239767
-0.306024	-0.00653756
-0.457408	-0.512829
-0.529101	-0.391137
-0.549182	0.0869741
-0.809726	-0.274692
-0.703592	-0.176709
-0.908893	-0.0633639
-0.798359	0.00683276
-0.516353	-0.129862
-0.744891	-0.30233
-0.83315	-0.0861378
-0.828825	-0.228241
-0.768883	-0.0588472
-0.83961	-0.0424501
-0.804186	0.0809297
-0.741742	-0.053007
-0.629602	-0.11056
-0.494827	-0.00310478
-0.551142	0.202225
-0.502602	-0.109676
-0.501775	-0.188968
-0.525033	-0.0777031
-0.774118	-0.0480575
-0.653294	-0.284561
-0.587492	-0.211759
-0.558276	0.0119483
-0.661849	-0.102269
-0.715694	-0.196468
-0.642702	-0.164263
-0.731182	-0.343186
-0.66655	-0.20453
-0.769983	-0.148422
-0.603196	0.00269738
-0.466594	-0.231032
-0.397671	-0.157224
-0.321695	0.0615031
-0.369777	-0.0169461
-0.316538	0.00258293
-0.488207	-0.0688653
-0.627771	-0.28058
-0.707638	-0.266919
-0.576478	-0.4033
-0.669105	-0.433145
-0.409236	-0.197722
-0.547767	-0.0629357
-0.614173	-0.0786687
-0.53386	-0.0844153
-0.583817	-0.102228
-0.828317	-0.151149
-0.628582	-0.237463
-0.50615	-0.340658
-0.568054	-0.24657
-0.722925	-0.0814761
-0.716114	-0.379596
-0.627184	-0.249865
-0.431459	-0.108328
-0.451261	-0.139968
-0.420066	-0.17498
-0.523385	0.0583197
-0.841047	0.0845747
-0.728207	0.0164628
-0.696922	0.0799251
-0.829104	-0.163375
-0.867446	-0.116318
-0.608396	-0.0786013
-0.667773	-0.235977
-0.702698	-0.317918
-0.502756	-0.197153
-0.519787	-0.337707
-0.480954	-0.358586
-0.329036	-0.00246016
0.222291	0.482556
0.32001	0.635896
0.241961	0.851536
0.401569	0.67305
0.366064	0.712822
0.487945	0.577431
0.335415	0.376012
0.458342	0.22699
0.470251	0.302682
0.329504	0.188268
0.168296	0.088947
0.00185714	0.215596
-0.355151	0.014382
-0.480685	-0.131354
-0.299389	0.295324
-0.0741559	0.447431
-0.119214	0.539689
-0.273758	0.810727
-0.532486	0.857965
-0.606336	0.652976
-0.778178	0.727394
-0.578499	0.361795
-0.324191	0.0108492
-0.354944	-0.156875
-0.463491	-0.178126
-0.569988	-0.095127
-0.516238	-0.252777
-0.509107	-0.266324
-0.621536	-0.115279
-0.715086	0.0453141
-0.891686	0.236638
-1.06594	0.377527
-0.964543	0.596807
-0.948839	0.733326
-1.03346	0.618169
-1.10435	0.552152
-1.07334	0.493019
-0.681611	0.25741
-0.390386	0.124351
-0.231142	0.111356
-0.345743	0.0663928
-0.413425	0.0413054
-0.572355	0.0499754
-0.676386	-0.0151127
-0.747767	0.0521221
-0.76074	0.0709697
-0.745988	0.24596
-0.802439	0.522571
-0.678763	0.597049
-0.197012	0.352831
-0.282393	0.15137
-0.595434	0.106667
-0.549777	-0.176919
-0.567954	0.00914283
-0.622447	0.040768
-0.661069	0.149008
-0.305113	0.371022
-0.661116	0.40829
-0.623946	0.294422
-0.00878057	0.735891
-0.0358072	0.776283
-0.0882268	0.557982
-0.11908	0.441958
-0.0530371	0.385775
-0.00392246	0.396875
0.0171234	0.439382
0.035594	0.536258
-0.131783	0.640109
-0.459242	0.730948
-0.533611	0.771528
-0.529398	0.782973
-0.555367	0.841229
-0.588337	0.823923
-0.466939	0.759052
-0.496344	0.796543
-0.388972	0.79464
-0.418751	0.825094
-0.461465	0.962618
-0.513017	1.00351
-0.443831	0.997622
-0.342448	0.568847
0.297119	0.658359
0.314674	0.731816
0.35217	0.608587
0.30017	0.586356
0.144708	0.635002
0.0497253	0.427882
0.168892	0.334735
0.256549	0.419312
0.288724	0.299696
0.0757617	0.472137
0.0793018	0.434528
0.0219998	0.973285
-0.147327	1.00898
-0.158291	1.08242
-0.141525	1.10949
-0.0972055	1.09848
-0.116829	1.06513
-0.166475	1.07087
-0.0434599	0.998321
-0.0352121	0.985107
-0.0235856	1.16525
-0.0489956	1.28067
-0.151617	1.13272
-0.391972	1.07502
-0.29311	1.00768
-0.126999	0.832406
0.00851182	0.538438
-0.0369243	0.285223
-0.511948	0.0143092
-0.518817	0.187323
-0.743139	0.118026
-1.14714	-0.156277
-0.976369	-0.292304
-1.06118	-0.192389
-0.766589	0.0017976
-0.919703	-0.0454241
-0.736993	-0.101763
-0.691894	-0.243302
-0.373031	-0.261943
-0.573296	-0.0235353
-0.661516	-0.182355
-0.467868	-0.0926578
-0.975147	0.29224
-0.917797	0.541746
-0.593626	1.19429
-0.411753	1.29181
-0.367685	1.19066
-0.225317	1.18319
-0.236596	1.34215
-0.216074	1.29698
-0.272574	1.16285
-0.339782	0.698006
-0.448725	0.394164
-0.280203	0.443065
-0.371329	0.212777
-0.549772	0.124087
-0.437335	0.139037
-0.344361	-0.002708
-0.400303	0.04666
-0.313172	0.561153
-0.482539	0.985716
-0.85708	1.09902
-0.890384	1.42854
-0.830628	1.35784
-0.799171	1.22612
-0.742276	1.17275
-0.721922	0.903761
-0.762328	0.65078
-0.980917	0.537257
-0.800737	0.447463
-0.692888	0.487579
-0.407108	0.573477
-0.761033	0.774968
-0.587839	0.377283
-0.589913	0.411779
-0.191713	0.0699277
-0.232869	-0.339317
-0.19255	-0.463596
-0.335729	-0.495174
-0.616645	-0.117116
-0.739715	0.119341
-0.621882	0.171433
-0.468441	-0.210428
-0.547022	-0.0578184
-0.630122	-0.17964
-0.510188	-0.153202
-0.781275	0.075363
-0.824328	0.206431
-0.721477	0.736503
-0.197769	1.0791
-0.274469	1.08201
-0.357036	0.959735
-0.49079	0.78527
-0.619367	0.618957
-0.26739	0.960975
-0.35285	1.0451
-0.391899	1.08626
-0.307077	0.95165
-0.402652	0.867714
-0.534412	0.702722
-0.816748	0.374892
-0.890196	0.209073
-0.924431	0.118382
-0.904593	0.00609473
-0.9082	-0.0327097
-0.991908	-0.022464
-0.980831	-0.0438305
-0.994721	-0.0835127
-0.875991	-0.063758
-0.904037	-0.00323491
-0.764786	0.00124831
-0.730172	0.125041
-0.710973	0.260804
-0.510973	0.151539
-0.391233	0.0590402
-0.448311	-0.006371
-0.528154	-0.0751458
-0.634129	-0.180825
-0.534401	-0.104715
-0.430977	0.0118034
-0.43897	-0.124155
-0.785137	-0.107522
-0.61425	-0.144578
-0.629116	0.0106995
-0.660288	-0.206645
-0.389681	-0.0314008
-0.769654	-0.354649
-0.490031	-0.0148543
-0.742066	0.222579
-0.730813	0.101208
-0.445804	0.14902
-0.462384	0.0768329
-0.23804	0.105888
-0.366712	-0.0588927
-0.336048	-0.0961264
-0.250062	0.0970067
-0.317451	-0.0301941
-0.425501	-0.0978966
-0.448952	0.0640137
-0.520784	-0.196594
-0.453671	-0.0468085
-0.505893	-0.0212212
-0.590539	0.137219
-0.317237	-0.0432344
-0.591291	0.144019
-0.547074	0.0138642
-0.488602	-0.118314
-0.378047	-0.129429
-0.433453	-0.00960053
-0.568431	0.0349378
-0.515732	-0.0242852
-0.645527	-0.172938
-0.797779	-0.0460208
-0.658823	0.177966
-0.667502	0.253488
-0.600888	0.203456
-0.717666	0.332905
-0.604246	0.424778
-0.590248	0.0134896
-0.885975	0.0887184
-0.978415	-0.0466588
-1.06515	0.035513
-0.934701	0.114892
-0.984526	0.0196071
-0.967518	-0.0173582
-0.753358	-0.00242759
-0.890626	-0.0886071
-0.811032	0.03563
-1.02203	0.0873047
-0.995551	0.149658
-1.00334	0.0408747
-0.755147	0.104631
-0.760247	0.185229
-0.831927	0.00677143
-0.817026	0.178974
-0.751108	0.196833
-0.790937	0.240982
-0.858237	0.0738354
-0.753214	0.457839
-0.743561	0.283547
-0.659756	0.244991
-0.343893	0.0521837
-0.452486	-0.0953092
-0.77839	0.432525
-0.833471	0.457171
-0.541996	0.201341
-0.283993	-0.277541
-0.336608	-0.162744
-0.486972	-0.0379299
-0.366942	0.00532283
-0.241441	-0.0736759
-0.218356	-0.0523019
-0.447585	0.00576833
-0.495845	-0.292058
-0.242715	-0.338425
-0.428894	-0.355589
-0.23823	-0.23873
-0.187311	-0.224082
-0.281542	-0.385777
-1.13955	-0.0129275
-1.37101	0.0423409
-1.26995	-0.0654957
-0.988077	0.686102
-1.06586	0.500203
-1.11389	0.37557
-1.20472	0.207799
-1.28182	0.213157
-1.30097	0.210306
-1.2436	0.239408
-1.16517	0.329171
-1.10553	0.317381
-1.13099	0.436186
-1.01265	0.404376
-0.680141	0.315956
-0.501507	0.840246
-0.412646	0.922637
-0.249071	0.797159
-0.418242	0.852218
-0.561236	0.782914
-0.645718	0.878373
-0.691488	0.794298
-0.831783	0.985025
-0.848713	1.04703
-0.684135	1.04928
-0.521618	0.858191
-0.480657	0.827363
-0.465765	0.574927
-0.673	0.469444
-0.938207	0.372152
-0.944362	0.169952
-0.982161	0.124064
-0.802578	-0.036445
-0.649516	-0.152136
-0.663413	-0.0264591
-0.731924	0.478516
-0.696349	0.507301
-0.465654	0.430676
-0.402118	0.554643
-0.310264	0.65635
-0.230703	0.825967
0.0692206	0.705893
0.283999	-0.157824
0.610884	0.10402
0.329901	0.012099
-0.184498	-0.0579413
-0.528879	-0.106473
-0.731421	-0.0772798
-0.821838	0.161981
-0.763764	0.428178
-0.579868	0.663592
-0.124771	0.601765
0.295658	0.520502
-0.144182	0.481903
-0.21964	0.411352
-0.390593	0.238421
-0.591449	0.216437
-0.55281	0.0682792
-0.754122	-0.0873089
-0.512617	0.0722245
-0.353264	0.209324
-0.389343	0.300263
-0.395312	0.103615
-0.481562	0.0714184
-0.506562	-0.0559281
-0.491459	-0.0894582
-0.581146	-0.0238218
-0.582843	-0.0391488
-0.739712	-0.0531448
-0.704184	-0.109719
-0.784058	0.00841034
-0.657191	-0.165778
-0.744253	0.0376943
-0.711282	0.0165457
-0.730634	0.0941403
-0.713339	0.267275
-0.728012	0.314009
-0.744248	0.463108
-0.749858	0.504989
-0.79198	0.566393
-0.807601	0.581785
-0.847754	0.554435
-0.897695	0.476009
-0.656832	0.445921
-0.506857	0.526129
-0.484999	0.586941
-0.1777	0.569394
-0.290759	0.874072
-0.531803	0.88814
-0.463225	0.863765
-0.527328	0.915468
-0.387486	1.03882
-0.317052	0.923701
-0.430049	0.714037
-0.424389	0.52991
-0.464152	0.361721
-0.467996	0.247068
-0.310736	0.258619
-0.331417	0.0945092
-0.418308	0.0212287
-0.495922	0.229678
-0.745403	-0.503145
-0.869843	-0.698804
-0.584478	-0.684106
-0.54244	-0.535469
-0.814357	-0.249892
-0.753342	-0.252871
-0.858117	-0.232471
-0.741245	-0.195943
-0.534402	0.11885
-0.766729	-0.17794
-0.581988	-0.181929
-0.895751	-0.213067
-0.834241	-0.20878
-0.659006	-0.0162546
-0.354577	0.00184223
-0.29929	-0.133085
-0.292578	-0.189808
-0.368387	-0.128836
-0.485138	0.0770643
-0.586907	0.350549
-0.822841	0.565973
-0.843776	0.615404
-0.716591	0.59275
-0.638784	0.576657
-0.611425	0.490218
-0.741635	-0.0231419
-0.497496	-0.352215
-0.523058	-0.314169
-0.523009	-0.249637
-0.583506	0.00442185
-0.643851	-0.0649519
-0.789362	-0.0520768
-0.631311	-0.157287
-0.829974	-0.0412603
-0.878918	-0.13233
-0.935683	0.1819
-0.767382	0.0626851
-0.692364	0.296762
-0.4897	0.561823
-0.571938	0.647394
-0.619987	0.536373
-0.535155	0.339954
-0.527565	0.176555
-0.464807	0.0349483
-0.280372	0.0248919
-0.300037	0.187448
-0.294598	0.372775
-0.390436	0.305983
-0.400277	-0.00795749
-0.154819	-0.16616
-0.0151229	-0.0429588
-0.0219414	0.109366
-0.469454	-0.034439
-0.891437	-0.116016
-0.218247	0.710675
-0.044108	0.846266
0.544943	0.587772
0.254184	0.705736
0.160127	0.796517
0.456288	0.557132
0.311319	0.537195
0.275957	0.64902
0.26252	0.557543
-0.245202	0.681527
-0.30293	0.563587
-0.616912	0.650103
-0.741811	0.476835
-0.764091	0.434071
-0.716102	0.391865
-0.767623	0.358899
-0.71093	0.298829
-0.681735	0.36217
-0.502103	0.304816
-0.466729	0.623412
-0.603371	0.635625
-0.461815	0.764681
-0.593908	0.787364
-0.356771	0.705053
-0.229864	0.659433
-0.00574694	0.430858
-0.244075	0.143738
-0.366233	0.126816
-0.641596	-0.0978986
-0.905389	-0.0302588
-1.06085	0.0569994
-0.844674	0.013148
-0.568633	-0.0898219
-0.81633	0.0676749
-0.929551	0.221986
-0.64299	0.216398
-0.797031	0.320011
-0.573046	0.286285
-0.476783	0.695855
-0.228554	0.812943
-0.214125	1.00682
-0.219329	0.920305
0.065436	1.20451
-0.702878	0.943131
-0.643747	0.829121
-0.700101	0.77073
-0.731353	0.386919
-0.732816	0.182894
-0.621248	0.00744445
-0.641318	-0.113548
-0.622165	0.0179488
-0.585202	-0.091914
-0.489511	-0.21449
-0.507388	-0.281408
-0.27656	-0.420636
-0.0814962	-0.773411
-0.286243	-0.865327
-0.238911	-1.04611
-0.268325	-0.857729
-0.422338	-0.827722
-0.222275	-0.787276
-0.516198	-0.77447
-0.646694	-0.63039
-0.654364	-0.128481
-0.583597	-0.21575
-0.445906	-0.380997
-0.724585	-0.045159
-0.61093	-0.293084
-0.623539	-0.544001
-0.659865	-0.424186
-0.62259	-0.208841
-0.446852	-0.34405
-0.452639	-0.405152
-0.727476	-0.297884
-0.654352	-0.364055
-0.590191	-0.292953
-0.815624	-0.279137
-0.703563	-0.11451
-0.627602	-0.0187623
-0.734887	0.130737
-0.655275	0.0649189
-0.635471	0.0368095
-0.656722	0.0127212
-0.565481	0.0137886
-0.428892	0.192028
-0.526078	-0.201699
-0.602858	0.00396254
-0.394079	-0.0652499
-0.300297	0.0104252
-0.281488	0.0743006
-0.37968	0.0852524
-0.42676	-0.170563
-0.433497	-0.105294
-0.849604	0.293232
-0.97315	0.069448
-1.05043	0.0588477
-0.986397	0.0844074
-0.988893	0.0237144
-0.845238	-0.0924852
-0.666563	-0.0497188
-0.814691	0.129871
-0.973087	0.143047
-0.707336	-0.132484
-0.914243	-0.113845
-0.787392	0.024097
-0.701786	0.0635353
-0.889769	0.0717689
-1.01736	0.0857978
-0.9147	0.274818
-0.725816	0.178157
-0.735849	0.16986
-0.683405	0.165807
-0.534964	0.298334
-0.648446	0.264658
-0.546683	0.235407
-0.423914	0.0562563
-0.384641	-0.00657965
-0.599647	-0.0747415
-0.256443	-0.468249
-0.422727	-0.220169
-0.450073	-0.165041
-0.686203	-0.249221
-0.430114	-0.0415039
-0.240103	-0.078781
-0.499488	-0.0817936
-0.499084	-0.135828
-0.443228	-0.0344311
-0.443607	0.0987275
-0.156005	0.411025
0.57754	1.12413
0.628687	1.04049
0.674525	0.975543
0.509631	0.929899
0.632318	0.751048
0.757374	0.747785
0.505698	0.770351
0.46979	1.0044
0.447027	0.998455
-0.0349792	0.889229
-0.374223	0.803507
-0.447636	0.772802
-0.613636	0.604694
-0.632502	0.62907
-0.443207	0.489797
-0.318051	0.428716
-0.537048	0.547484
-0.50127	0.46617
-0.477963	0.459787
-0.474431	0.420997
-0.43479	0.428215
-0.459548	0.330742
-0.249048	0.300013
-0.238028	0.303785
-0.146035	0.313509
-0.267643	0.292531
-0.477055	0.0425735
-0.786242	-0.128764
-0.613808	0.116937
-0.510223	0.314116
-0.69193	0.367824
-0.682197	0.435048
-0.616992	0.526342
-0.463066	0.718797
0.162944	0.699156
-0.0441266	0.705936
-0.220877	0.403351
-0.374123	0.043491
-0.25051	0.0267889
-0.307044	-0.045408
-0.333146	0.023555
-0.373864	0.212254
-0.210246	0.0172166
-0.390464	-0.0507319
-0.335663	0.096356
-0.372173	0.102926
-0.466948	0.0826974
-0.428165	0.085877
-0.383642	0.135222
-0.26336	0.268638
-0.462724	0.373733
-0.533902	0.257613
-0.666202	0.178027
-0.684278	0.103742
-0.666657	0.0126124
-0.649155	-0.0977902
-0.571705	-0.171494
-0.53698	-0.203303
-0.465696	-0.15294
-0.349912	-0.133146
-0.344286	-0.0373566
-0.378019	-0.0535335
-0.269727	-0.0699907
-0.385367	-0.101533
-0.420416	-0.217785
-0.424791	-0.368677
-0.676059	-0.265626
-0.541232	-0.491094
-1.05195	0.0264878
-0.892946	0.202546
-0.434096	0.7907
-0.629851	1.05851
-0.622817	0.888939
-0.575141	0.726632
-0.507093	0.52801
-0.588155	0.0538245
-0.898572	-0.0882564
-0.711072	0.0752754
-0.886346	0.224418
-0.698498	0.208751
-0.831755	0.116005
-0.862083	-0.0105521
-0.877526	-0.0264244
-0.703068	-0.0851575
-0.695472	-0.330629
-0.785448	-0.300808
-1.08279	-0.220042
-1.12772	-0.182157
-1.02914	-0.111822
-0.914073	-0.0870294
-0.787035	-0.000285599
-0.771728	0.127161
-0.822643	0.0261469
-0.926724	-0.0307139
-0.973338	0.0369155
-0.848356	0.0783554
-0.862573	0.30514
-0.729942	0.515556
-0.663483	0.7497
-0.585325	0.700653
-0.928381	0.245845
-1.02563	0.104402
-0.786748	-0.0666175
-0.790129	0.00714412
-0.716746	0.0974035
-0.665375	0.0318731
-0.538109	0.199013
-0.570068	0.261238
-0.502213	0.310601
-0.733209	0.386737
-0.696008	0.316751
-0.773526	0.365101
-0.931608	0.589369
-0.962756	0.707009
-0.628968	0.672046
-0.494326	0.484671
-0.460642	0.315471
-0.414682	0.390952
-0.699907	0.316364
-0.687678	0.0989435
-0.678408	0.386014
-0.655884	0.245584
-0.660832	-0.00272798
-0.893261	-0.0999959
-0.966176	-0.102767
-0.572663	0.13884
-0.912813	0.202072
-0.746789	-0.00476987
-0.756888	-0.0988719
-0.547848	-0.175534
-0.563619	-0.186007
-0.65177	-0.0114232
-0.690943	-0.0405849
-0.595981	-0.040397
-0.614922	-0.0546273
-0.627822	-0.0628754
-0.674366	0.0158607
-0.658379	0.157562
-0.650814	0.30489
-0.633818	0.347188
-0.646165	0.33659
-0.570171	0.306141
-0.536196	0.319628
-0.529267	0.245964
-0.465733	0.0543167
-0.383104	-0.0982315
-0.345899	-0.0987224
-0.283033	0.39931
-0.214608	0.620064
-0.232113	0.330291
-0.390217	0.170128
-0.249699	-0.0510719
-0.485092	-0.0205579
-0.412076	-0.0146224
-0.855878	-0.516982
-1.07704	-0.481031
-0.738986	-0.282349
-0.968548	-0.276605
-0.888115	-0.271491
-1.08162	-0.118743
-1.13974	-0.219224
-0.851348	-0.0660846
-0.80611	-0.0933546
-0.876794	-0.0494835
-0.909714	-0.0286561
-0.905426	-0.114961
-0.850341	-0.371518
-0.815998	-0.138408
-0.978683	-0.0216893
-1.09075	-0.0448072
-0.994857	-0.144873
-1.01058	-0.0471388
-0.814948	-0.164461
-1.01828	-0.278084
-1.11578	-0.0707486
-1.15685	-0.232172
-1.28608	-0.186008
-1.15311	-0.32536
-0.9949	-0.289953
-1.14258	-0.525119
-1.00795	-0.467483
-0.711156	-0.227011
-0.58962	-0.200432
-0.612436	-0.129693
-0.635396	-0.0782203
-0.468424	-0.0190245
-0.254395	-0.0815054
-0.380581	-0.14671
-0.341098	-0.00325002
-0.29155	-0.0775654
-0.355214	-0.154252
-0.390778	-0.143932
-0.510732	-0.0666595
-0.440928	-0.100004
-0.599614	0.0873456
-0.727858	0.134049
-0.481267	0.169734
-0.32073	0.496367
-0.0819024	0.528265
-0.118039	0.498806
-0.11815	0.532789
-0.191995	0.618775
-0.212653	0.294524
-0.383839	0.0658652
-0.536659	0.0330798
-0.607283	-0.171537
-0.620403	-0.213107
-0.697912	-0.0887458
-0.635821	0.00130092
-0.536044	-0.0359084
-0.559325	-0.00860423
-0.409054	-0.156499
-0.385172	-0.115734
-0.76283	0.239476
-0.76821	0.423478
-0.58729	0.580562
-0.643849	0.469695
-0.612147	0.488575
-0.466618	0.626916
-0.348522	0.700731
-0.261935	0.495318
-0.326997	0.308469
-0.601188	0.693841
-0.360329	1.21867
-0.283557	1.31721
-0.142942	1.35197
0.0274655	1.26492
0.0615652	1.16063
0.0105935	1.16725
-0.154407	1.07378
-0.302941	1.08683
-0.383249	0.890809
-0.562735	0.798207
-0.787628	0.651354
-0.796076	0.399952
-0.823791	0.281961
-0.890331	0.264761
-0.856757	0.317031
-0.808118	0.365823
-0.758898	0.472355
-0.627457	0.636565
-0.677122	0.910304
-0.579898	0.68526
-0.699669	0.981074
-0.413265	0.942701
-0.373795	0.920651
-0.471333	0.800456
-0.474224	0.534979
-0.344525	0.206619
-0.0948239	0.0134112
-0.128706	0.0575961
-0.243356	0.223314
-0.379652	0.440701
-0.541167	0.48347
-0.390114	0.227831
-0.365753	0.341158
-0.552066	0.386648
-0.609345	0.453834
-0.320005	0.271586
-0.308795	-0.125307
-0.349913	0.517987
0.0143433	0.927341
0.18905	1.13408
0.0898386	1.15994
0.0132974	1.18603
-0.241166	1.16002
-0.173635	0.744623
-0.379675	0.538546
-0.30632	0.224713
-0.457136	-0.0373878
-0.853104	-0.133184
-0.568628	-0.0228225
-0.743335	0.0748005
-0.8248	-0.0788722
-0.693055	-0.0523074
-0.468408	0.00663432
-0.824628	0.0470787
-0.556503	0.155562
-0.670852	0.296503
-0.67874	0.166508
-0.674178	0.207342
-0.658281	0.195782
-0.58242	0.292588
-0.465692	0.333854
-0.343408	0.30233
-0.22871	0.331086
-0.543523	0.02088
-0.611556	-0.0689238
-0.496359	0.157459
-0.503884	0.144493
-0.562029	-0.0828614
-0.779435	-0.170059
-0.831486	-0.364765
-0.708924	-0.232953
-0.774807	-0.0893899
-1.14804	-0.0604229
-0.96666	0.156484
-0.624425	0.341445
-0.403331	0.1869
-0.372482	0.140503
-0.325686	-0.0120377
-0.376721	0.0234018
-0.339213	0.0747076
-0.428607	0.160974
-0.644662	0.204261
-0.62506	0.126438
-0.618612	0.120727
-0.711259	0.217523
-0.725308	0.242298
-0.612927	0.297734
-0.573294	0.268533
-0.450875	0.283196
-0.425012	0.435619
-0.525293	0.389725
-0.584674	0.331347
-0.712403	0.401309
-0.630425	0.32553
-0.38739	0.33029
-0.311208	0.332583
-0.590717	0.255392
-0.770137	0.181455
-0.797484	0.193625
-0.776162	0.308944
-0.730397	0.503031
-0.669181	0.622827
-0.386638	0.772778
-0.164705	0.896723
0.106152	0.950562
0.199548	1.01425
0.282896	0.999913
0.14578	1.07674
0.0834412	1.21132
-0.149892	1.10414
-0.277701	0.501312
-0.225825	0.570805
-0.278811	0.713714
-0.236225	0.69444
-0.315835	0.631261
-0.424049	0.611921
-0.421071	0.458794
-0.472968	0.316536
-0.477926	0.219897
-0.531378	0.444335
-0.449313	0.594984
-0.442063	0.763074
-0.365477	0.830387
-0.277648	0.878838
-0.29529	0.842373
-0.338706	0.470136
-0.539704	0.368002
-0.521253	0.26996
-0.547197	0.377898
-0.57818	0.440972
-0.504494	0.472045
-0.405238	0.574414
-0.385719	0.331949
-0.8637	-0.112644
-0.58424	0.676999
-0.891924	0.66675
-1.04241	0.669284
-1.19336	0.703672
-1.13725	0.606934
-0.973998	0.339643
-0.91472	0.145114
-0.860685	-0.0610721
-0.872823	-0.275786
-0.884266	-0.35737
-0.766613	-0.367313
-0.481677	-0.353673
-0.386239	-0.237021
-0.40367	-0.189708
-0.429901	-0.351743
-0.569205	-0.444069
-0.914906	-0.256402
-0.841445	-0.449098
-0.829001	-0.574942
-0.754878	-0.520813
-0.823134	-0.373472
-0.654917	0.123387
-1.01493	0.00703913
-0.959804	-0.0576176
-0.478881	-0.182086
-0.381997	-0.182179
-0.314413	-0.286002
-0.54304	-0.243016
-0.402246	-0.202992
-0.49796	-0.340159
-0.465994	-0.0856875
-0.449661	-0.150383
-0.539114	-0.0851883
-0.260028	-0.177042
-0.27936	-0.369822
-0.816255	-0.138898
-0.750544	-0.0741236
-0.761107	0.0823134
-0.604866	-0.114529
-0.505795	-0.0209271
-0.627553	-0.106836
-0.532855	-0.208784
-0.567159	-0.19562
-0.664432	-0.117239
-0.452313	-0.0825409
-0.424119	0.168331
-0.298902	-0.28979
-0.517779	-0.0235393
-0.358739	0.169005
-0.629265	-0.110167
-0.484778	-0.127192
-0.543363	-0.0125233
-0.459142	0.175579
-0.566332	0.0791453
-0.484672	-0.178364
-0.540251	0.0791156
-0.562733	0.163112
-0.362442	-0.0260541
-0.454233	-0.0331563
-0.541498	-0.170533
-0.599411	-0.27238
-0.633983	-0.303429
-0.485964	-0.188021
-0.363786	-0.183348
-0.468057	-0.228391
-0.450332	0.0969963
-0.491771	0.119659
0.103438	0.323325
0.561178	0.518841
0.464572	0.447407
0.453593	0.497989
0.305625	0.360818
0.149569	0.342811
-0.13541	-0.111204
0.255395	-0.0849301
0.230703	0.254161
0.127249	0.367516
-0.0944545	0.478975
-0.373269	0.682893
-0.497728	0.581683
-0.507136	0.504108
-0.54053	0.518512
-0.593211	0.675098
-0.592876	0.468547
-0.635731	0.414149
-0.863049	0.456474
-0.738779	0.134224
-0.646677	-0.0367908
-0.657772	-0.125363
-0.689601	-0.175102
-0.70643	-0.245529
-0.557689	-0.512086
-0.614065	-0.557214
-0.62256	-0.565033
-0.681203	-0.0328513
-0.326046	0.30191
-0.269917	0.528215
-0.314566	0.835663
-0.317165	0.752462
-0.0272995	0.665329
0.167443	0.633096
0.0597365	0.315242
-0.0644078	0.242891
-0.456316	0.32323
-0.603243	0.182238
-0.633208	0.391792
-0.766665	0.40647
-0.501269	0.280386
-0.548528	0.326912
-0.430409	0.360933
-0.505701	0.368949
-0.549864	0.407871
-0.623711	0.431889
-0.702333	0.474966
-0.675856	0.372032
-0.761862	0.392441
-0.735034	0.410995
-0.770927	0.449818
-0.842482	0.476545
-0.6624	0.443758
-0.636016	0.433208
-0.577578	0.497136
-0.589987	0.486377
-0.548767	0.654415
-0.570059	0.573959
-0.592307	0.619522
-0.548409	0.729599
-0.649951	0.81971
-0.676948	0.915534
-0.699149	0.946537
-0.646409	0.873856
-0.660652	0.814852
-0.666131	0.672886
-0.695482	0.536999
-0.778607	0.46087
-0.833756	0.22953
-0.921844	0.143743
-1.04665	0.145785
-1.10356	0.10493
-1.05703	0.015926
-1.08267	0.002483
-1.07198	0.00170486
-1.01024	0.0928965
-0.87187	0.262581
-0.701006	0.320828
-0.651551	0.420287
-0.629989	-0.0017994
-0.375506	0.135122
-0.703812	0.101494
-0.755344	0.175083
-0.827694	0.149302
-0.8642	-0.0208366
-0.973709	0.00243414
-0.815829	-0.0677195
-0.876202	-0.0447411
-0.736237	-0.146346
-0.535707	-0.276965
-0.238067	-0.357057
-0.169483	-0.130362
-0.256821	0.220803
-0.271541	0.394702
-0.244454	0.347831
-0.0299625	0.459306
0.229407	0.367582
-0.438344	0.306524
-0.247098	-0.037735
-0.57624	0.0111821
-0.636645	0.0818346
-0.424958	0.125018
-0.692201	0.153837
-0.783609	-0.0761766
-0.755732	-0.0339688
-0.941507	0.158494
-0.346888	0.877654
-0.347992	1.26349
-0.296528	1.32767
-0.230932	1.39042
-0.575108	1.17103
-0.213006	0.330275
-0.265512	0.463819
-0.239086	0.46111
-0.290076	0.553491
-0.319452	0.57182
-0.13818	0.53711
0.11402	0.630147
0.123883	0.5666
0.0676148	0.367992
-0.309659	0.200291
-0.623296	-0.0441814
-0.761477	-0.0105011
-0.761004	0.177984
-0.67541	0.340989
-0.643841	0.520015
-0.459406	0.622116
-0.416902	0.596572
-0.272695	0.469672
-0.306735	0.565593
-0.39449	0.391791
-0.475792	0.426441
-0.693389	0.14054
-0.877763	0.0175678
-0.547231	-0.0399497
-0.665181	0.136641
-0.675432	0.44394
-0.503497	0.958045
-0.508617	1.13311
-0.405393	0.997503
-0.479909	0.895154
-0.411439	0.77701
-0.0534506	0.51363
-0.191378	0.0937266
-0.550452	0.0815134
-0.875117	-0.0896062
-0.736715	-0.230898
-1.04711	-0.459588
-0.887936	-0.467895
-0.400922	-0.378808
-0.299456	-0.460754
-0.383707	-1.00089
-0.482903	-0.80215
-0.683397	-0.068903
-0.220484	-0.492317
-0.231953	-0.535041
-0.368804	-0.152301
-0.168927	0.511645
0.103686	0.592393
-0.311274	0.481646
-0.249478	0.0688265
-0.341049	0.023277
-0.260971	-0.0729398
-0.250326	0.0802908
0.245165	0.121905
0.088723	0.354764
0.0576056	0.162736
-0.176523	-0.0271268
-0.354122	0.10844
-0.198757	0.0396392
-0.262964	0.0768484
-0.475	-0.0253797
-0.451607	-0.192381
-0.564239	-0.102835
-0.563668	-0.27919
-0.604986	-0.280784
-0.662884	-0.259827
-0.611802	-0.290544
-0.467418	-0.366787
-0.347512	-0.308667
-0.213985	-0.347751
-0.292048	-0.254228
-0.239631	-0.208332
-0.354976	-0.116017
-0.457708	0.00856642
-0.670787	0.0702647
-0.574191	0.0147892
-0.477176	0.435898
-0.237704	0.331128
-0.153821	0.295267
-0.0985108	0.177927
0.0900754	0.101103
-0.165341	0.187809
-0.190624	0.0814754
-0.413985	-0.178491
-0.382047	-0.215264
-0.304408	-0.344561
-0.10021	-0.404137
-0.148809	-0.356322
-0.167949	-0.322815
-0.0118581	-0.311718
0.00509216	-0.333105
0.0687521	-0.154897
0.0528823	-0.19965
-0.221465	-0.114995
-0.262673	-0.0749979
-0.367513	-0.253397
-0.584283	-0.335215
-0.70465	-0.416513
-0.699357	-0.5043
-0.546677	-0.540295
-0.704979	-0.538377
-0.64123	-0.441684
-0.63344	-0.441579
-0.684992	-0.686506
-0.676233	-0.675401
-0.740707	-0.565145
-0.713271	-0.534269
-0.682489	-0.570078
-0.539431	-0.667982
-0.400235	-0.677449
-0.527349	-0.57765
-0.549878	-0.559985
-0.628822	-0.528308
-0.700713	-0.541405
-0.520135	-0.394957
-0.571192	-0.231733
-0.154008	-0.321219
-0.283436	-0.177156
-0.275657	-0.149625
-0.363336	-0.00293262
-0.646436	-0.268846
-0.769373	-0.395561
-0.70977	-0.27374
-0.58553	-0.459827
-0.341529	-0.529755
-0.603622	-0.269547
-0.434492	-0.338081
0.18518	0.0538098
0.425892	0.183327
0.393749	0.244015
0.242053	0.3292
0.422485	0.22685
0.311318	0.190707
0.120579	0.245441
0.00319337	0.38153
-0.245232	0.654482
-0.323315	0.708398
-0.252542	0.705273
-0.344504	0.744818
-0.421375	0.864164
-0.258948	0.776747
-0.19827	0.981661
0.00031294	0.810322
0.490406	0.72132
0.483532	0.605998
0.172096	0.306877
0.0431275	0.108676
-0.340814	-0.124203
-0.494011	-0.29797
-0.631528	0.0199447
-0.567579	-0.0195865
0.217891	0.034528
0.136254	0.0180671
0.0698595	0.00424027
0.045527	0.0304508
0.0898735	-0.0167242
0.201588	-0.0191586
0.241521	0.0301591
0.341239	0.0596712
0.270607	0.163845
0.552477	-0.02396
0.658256	0.0851649
0.547303	0.377383
0.272599	0.399326
0.0352622	0.334719
-0.04899	0.284855
-0.00257253	0.266343
0.154381	0.139432
-0.260406	0.139452
-0.247228	0.114506
-0.553596	0.0589579
-0.703016	0.200523
-0.664312	0.165257
-0.692671	-0.0373273
-0.646268	-0.14719
-0.640957	-0.259919
-0.6326	-0.316042
-0.477147	-0.330757
-0.542748	0.00785995
-0.591074	0.119241
-0.485122	0.145517
-0.606015	0.344841
-0.304284	0.104881
-0.25987	0.207349
-0.116021	0.313428
-0.267138	0.426271
-0.238787	1.0159
0.360367	1.17053
0.569356	1.16405
0.567792	1.13989
0.546809	1.07997
0.449501	1.23371
0.167384	1.16305
0.115347	0.80397
-0.0382716	0.884806
-0.310436	0.91805
-0.388276	0.889538
-0.386139	0.593253
-0.596483	0.444862
-0.793776	0.258119
-0.912717	0.229737
-0.819184	0.150168
-0.797122	-0.0627706
-0.717585	-0.107005
-0.25583	0.0477872
-0.363182	0.0417726
-0.585027	-0.0527789
-0.568302	0.0179204
-0.576076	-0.175958
-0.556727	-0.0659159
-0.795843	-0.141379
-0.494897	-0.145789
-0.638113	0.126305
-0.752374	0.201897
-0.944944	0.367877
-0.575522	0.679026
-0.226997	1.12637
-0.541596	1.21589
-0.586205	0.815023
-0.28902	0.376038
-0.399278	0.683186
-0.351771	0.654326
-0.486639	0.685459
-0.642552	0.696539
-0.642722	0.742201
-0.576465	0.753982
-0.0534089	0.518381
-0.198766	0.407144
-0.314497	0.403363
-0.592264	0.514433
-0.646377	0.324202
-0.717091	0.19906
-1.03117	0.329453
-1.20482	0.677044
-1.06583	0.774569
-0.841895	0.929931
-0.739192	0.725283
-0.681027	0.272591
-0.80863	0.0229426
-0.887189	-0.0851242
-1.08514	-0.123297
-1.08785	-0.266018
-1.01348	-0.300059
-1.03836	-0.361115
-1.05818	-0.27533
-1.00423	-0.20106
-0.950052	-0.109145
-0.754344	0.00792023
-0.568428	0.0548063
-0.688771	-0.00253365
-0.729468	-0.205098
-0.838476	-0.462221
-0.857928	-0.612639
-0.723057	-0.421983
-0.784519	-0.509742
-0.690756	-0.480591
-0.775241	-0.199214
-0.605021	-0.40319
-0.483561	-0.173599
-0.843512	-0.139922
-0.791071	0.00323794
-0.732572	0.0918484
-0.701551	-0.28838
-0.513608	-0.427559
-0.603832	-0.0413105
-0.553875	0.0211227
-0.484953	-0.198632
-0.629362	-0.182664
-0.673058	-0.269221
-0.623931	-0.102013
-0.539757	-0.139154
-0.476845	-0.177717
-0.381703	0.0131564
-0.416012	-0.124774
-0.719803	-0.243317
-0.615988	-0.0709307
-0.741002	-0.150585
-0.651582	-0.0528913
-0.547972	-0.223977
-0.485537	-0.120904
-0.626584	-0.235488
-0.668104	-0.145694
-0.800435	-0.0392042
-0.71569	0.0984686
-0.224838	-0.0959718
-0.226235	0.0400947
-0.42504	-0.0275112
-0.351732	0.0801136
-0.422478	-0.0870397
-0.48157	-0.0740017
-0.443603	-0.0201432
-0.434237	-0.25254
-0.51142	0.0315982
-0.363997	-0.280581
-0.300283	0.0485531
-0.484382	-0.0961575
-0.285886	0.102498
0.308216	0.253219
0.502141	0.267028
0.504697	0.0841748
0.491708	0.182533
0.528095	0.113651
0.390757	0.153699
0.219616	0.280793
-0.0923042	0.480325
-0.444112	0.425065
-0.456015	0.549763
-0.542975	0.780033
-0.488887	0.749046
-0.512812	0.912232
-0.318624	0.800852
-0.336355	0.794928
-0.428927	0.814012
-0.431286	0.689878
-0.524146	0.620757
-0.545865	0.480736
-0.666864	0.43214
-0.78139	0.389624
-0.837718	0.364384
-0.909746	0.289956
-0.906048	0.201236
-0.883669	0.186976
-0.704658	-0.0699004
-0.547415	-0.445975
-0.701332	-0.526155
-0.90618	-0.343615
-0.996955	-0.320501
-1.08381	-0.220469
-1.08379	-0.136764
-1.0167	0.0694254
-0.991576	0.148235
-0.878456	-0.0653369
-0.72553	-0.137883
-0.594627	-0.0105869
-0.796017	0.0361654
-1.05049	-0.0963555
-0.952862	-0.179146
-1.16221	-0.370066
-0.814995	-0.342588
-0.826719	-0.303093
-0.961047	-0.232203
-0.924453	-0.462495
-0.577112	-0.2202
-0.721973	-0.207914
-0.656867	-0.037543
-0.333489	0.0375021
-0.753007	0.059338
-0.905656	-0.0319143
-1.17379	0.109129
-1.32451	0.420237
-1.11602	0.765787
-0.934789	0.145448
-0.63654	-0.0495227
-0.63259	-0.065568
-0.533944	0.0103112
-0.46219	0.121445
-0.579318	-0.112561
-0.386269	-0.0305932
-1.1798	0.116231
-1.14253	0.144475
-0.963825	0.124598
-0.816303	0.522256
-0.843557	0.562196
-1.00749	0.553201
-0.808762	0.362724
-0.691278	0.362676
-0.559233	0.271164
-0.678687	0.354986
-0.682339	0.368548
-0.410879	0.468174
-0.675955	0.302376
-0.788155	0.0335727
-0.459618	-0.130828
-0.759779	-0.335129
-0.85949	-0.0679575
-0.742035	0.133373
-0.810492	0.113397
-1.00272	-0.20293
-0.869332	-0.150406
-0.470274	-0.143021
-0.446887	-0.222228
-0.565178	-0.339299
-0.786628	-0.245591
-0.865255	-0.132519
-0.547176	0.0370808
-0.403402	-0.0265176
-0.311504	0.0137427
-0.705458	0.227178
-0.727151	0.166381
-0.760674	0.0797772
-0.793139	0.0723633
-0.839074	0.139035
-0.784247	0.245481
-0.759752	0.333748
-0.669725	0.275046
-0.460642	0.288166
-0.133294	0.211226
-0.117099	0.187818
-0.374001	-0.0393062
-0.43754	0.0957639
-0.532133	0.0965908
-0.618517	0.0496084
-0.57756	0.103698
-0.389393	0.0612321
-0.664805	0.296487
-0.986997	-0.00436094
-1.04311	0.00909293
-0.737075	0.177297
-0.642267	0.740074
-0.42844	0.907195
0.0392526	0.647298
0.212613	0.37761
0.200483	0.4623
0.0523758	0.689808
-0.344265	1.15357
-0.0621498	1.16536
-0.0484133	1.24312
0.100201	1.10976
0.0163869	1.1178
-0.164311	0.89531
-0.127834	0.605471
-0.0969506	0.365374
-0.210979	0.325715
-0.154145	0.562279
-0.137656	0.536616
-0.0285749	0.33674
-0.0825143	0.25064
-0.168733	0.226966
-0.567623	0.424582
-0.680662	0.248217
-0.830512	0.553749
-0.725726	0.607505
-0.532447	0.624527
-0.550586	0.595845
-0.541657	0.616589
-0.523869	0.468107
-0.592654	0.430568
-0.633419	0.294719
-0.86137	0.25509
-1.02718	0.159882
-1.03703	0.101366
-1.05436	0.0104815
-0.975681	-0.0641867
-1.13308	0.130559
-1.0424	0.0707209
-0.956994	0.024107
-0.94241	-0.030763
-0.901168	0.157144
-0.864438	-0.0583184
-0.68683	0.172349
-0.639552	0.323984
-0.76635	0.0830793
-0.863865	0.0598552
-0.571895	-0.132297
-0.679693	-0.17325
-0.723227	-0.252827
-0.68339	-0.290765
-0.740414	-0.0189052
-0.695516	-0.135236
-1.48297	0.291728
-0.888712	0.0264619
-0.459923	-0.457265
-0.589784	-0.27428
-0.414706	-0.0970791
-0.451499	-0.108856
-0.694405	-0.114197
-0.522523	-0.0299014
-0.518852	-0.142449
-0.541756	-0.0726835
-0.9007	-0.010544
-1.09599	0.0185956
-0.546185	-0.0442233
-0.575246	-0.106795
-0.603905	-0.12404
-0.618776	-0.0105688
-0.744083	0.135164
-0.701174	0.377732
-0.639445	0.616126
-0.785829	0.45235
-0.54287	0.164349
-0.285984	-0.288192
-0.290418	-0.305454
-0.237269	-0.230117
-0.400168	-0.227569
-0.346745	-0.0292092
-0.652935	-0.234791
-0.608702	-0.0579789
-0.760302	-0.317742
-0.683108	-0.329378
-0.819973	-0.267953
-0.741927	-0.0587055
-0.885161	0.027246
-0.768736	0.115523
-0.294052	0.298968
-0.203773	0.048557
-0.227708	0.169209
-0.42396	0.193425
-0.619475	0.0687837
-0.856272	0.569753
-1.01883	0.821706
-0.613632	1.05269
0.276667	0.676546
-0.0960728	0.698297
-0.0405561	0.668694
0.118262	0.377298
-0.186386	0.184594
-0.197504	0.232304
-0.239136	0.202158
-0.564963	0.055867
-0.566728	-0.0293616
-0.442616	-0.161661
-0.564148	0.0184633
-0.475639	0.0160728
-0.493318	0.574067
-0.62005	0.723725
-0.783033	0.80396
-0.721838	0.733361
-0.641036	0.655095
-0.670007	0.763499
-0.666957	0.803214
-0.454084	0.827076
-0.354585	0.887922
0.332841	0.535816
0.150698	0.740492
0.150621	0.508444
0.128353	0.381694
0.0735818	0.168113
0.138362	0.385883
0.0332744	0.512037
-0.196096	0.680615
-0.266631	0.64929
-0.369679	0.656258
-0.451829	0.671846
-0.20492	0.586985
-0.346891	0.63015
-0.390256	0.844047
0.0295943	0.814515
0.15865	0.577973
0.19949	0.405382
0.212361	0.30247
-0.0597443	0.670599
-0.254714	0.886406
-0.339385	0.829427
-0.363198	0.859701
-0.299206	0.865687
-0.539604	0.915192
-0.556917	1.02436
-0.554701	1.05785
-0.480049	1.05399
-0.493819	1.1961
-0.413536	1.13337
-0.411541	1.22697
-0.258776	1.10646
-0.358512	0.914
-0.337755	0.639312
-0.367713	0.411512
-0.322373	0.219818
-0.35258	0.255528
-0.457756	0.157239
-0.548597	0.146118
-0.783264	0.279355
-0.813082	0.245905
-0.813988	0.271904
-0.672528	0.285974
-0.413949	0.241414
-0.130607	0.572137
0.337426	0.18706
0.0195374	-0.0427251
-0.631604	-0.0627342
-0.695274	-0.0825617
-0.689966	-0.108441
-1.00127	-0.135683
-1.03687	-0.0673706
-0.585664	0.2685
-0.543435	0.242518
-0.379147	0.182118
-0.345268	0.297873
-0.352053	0.369203
-0.628454	0.297251
-0.713642	0.123081
-1.06547	-0.180401
-1.15261	-0.307655
-0.859624	-0.389339
-0.657733	-0.432272
-0.513492	-0.224426
-0.705062	-0.249079
-0.66289	-0.558728
-0.631943	-0.582627
-0.76271	-0.534262
-0.70885	-0.348004
-0.0762087	0.306812
-0.143624	0.362457
-0.41606	0.593297
-0.440536	0.860366
-0.458904	1.09869
-0.116572	1.14839
0.0329887	1.06881
0.418659	0.878431
0.265734	0.949537
0.323932	0.876554
0.0969001	0.897557
-0.0688427	0.576586
-0.486231	0.671554
-0.71081	0.34307
-0.96053	0.30942
-0.810433	0.15375
-0.894396	0.293206
-0.870655	0.489071
-0.924841	0.484888
-0.866087	0.654978
-0.706668	0.743752
-0.370471	1.12244
-0.419766	1.23166
-0.534713	1.23051
-0.595957	1.14158
-0.719643	1.06061
-0.695314	0.980217
-0.775035	1.00569
-0.713954	0.971685
-0.716652	1.02804
-0.678315	0.923704
-0.701565	0.842034
-0.676879	0.801333
-0.630579	0.703267
-0.630647	0.633635
-0.675794	0.600945
-0.698783	0.556439
-0.635418	0.485775
-0.502705	0.545967
-0.535263	0.852601
-0.542226	0.802627
-0.236248	0.400739
-0.11638	0.260741
0.144563	0.20552
0.0194526	0.302994
-0.163298	0.191813
-0.387685	0.199123
-0.652267	0.0134175
-0.798513	0.096392
-0.882729	-0.145833
-0.957451	-0.137224
-0.867133	-0.00916938
-0.930368	0.0441124
-1.06898	0.394381
-0.945712	0.353937
-0.770934	0.611611
-0.440743	0.975172
-0.236573	1.19521
-0.410502	1.33057
-0.48932	1.23595
-0.571776	1.16389
-0.570099	1.08731
-0.580199	0.978795
-0.669837	0.795302
-0.651488	0.541149
-0.671676	0.523606
-0.638617	0.509269
-0.620572	0.494618
-0.578372	0.519134
-0.413914	0.651031
-0.207536	0.553517
-0.448459	0.477986
-0.333121	0.230229
-0.110823	0.028999
-0.210994	-0.00289445
-0.102189	-0.151991
-0.020922	-0.232289
-0.0745426	-0.0802427
-0.537941	-0.205639
-0.581497	-0.12712
-0.474456	-0.231652
-0.585836	-0.283906
-0.637228	-0.134984
-0.496298	-0.0494374
-0.129702	-0.143877
-0.221271	-0.0297817
-0.41754	0.112147
-0.308755	0.195043
-0.420974	0.0779777
-0.43481	0.337813
-0.298555	0.356686
-0.486572	0.0399978
-0.679391	0.12458
-0.460625	0.425621
-0.569711	0.695351
-0.810477	0.864908
-0.797809	0.989168
-0.742184	0.927536
-0.730642	0.975461
-0.807964	0.998463
-0.763279	1.05591
-0.593253	1.19589
-0.164975	0.654603
-0.288026	0.939575
-0.308347	0.967585
-0.356965	0.86193
-0.546341	0.665989
-0.713643	0.385869
-0.68357	0.120414
-0.545664	-0.127454
-0.344129	-0.233984
-0.130175	-0.18759
-0.165763	-0.0550554
-0.543876	-0.0928026
-0.582804	-0.197085
-0.668107	-0.185601
-0.822554	0.0369245
-0.69597	-0.128224
-0.833642	-0.227355
-1.46913	-0.568564
-0.906762	-0.604212
-0.467776	-0.259601
-0.311786	-0.0852841
-0.252389	-0.249821
-0.242118	-0.214904
-0.462927	-0.242819
-0.23979	-0.0670977
-0.49145	-0.0875472
-0.483393	-0.0969842
-0.411642	-0.349894
-0.343391	-0.177358
0.125954	-0.100132
0.144579	0.00193832
-0.0418156	0.205223
-0.48708	0.496152
-0.339402	0.424978
-0.451765	0.461584
-0.554333	0.480549
-0.527507	0.560867
-0.602618	0.576438
-0.330406	0.342471
-0.553344	0.560571
-0.699448	0.792041
-0.642171	0.873811
-0.589876	0.857333
-0.566759	0.814441
-0.661274	0.915546
-0.679078	0.88646
-0.662723	0.846746
-0.511141	0.712958
-0.36028	0.762481
-0.476693	0.874769
-0.705337	0.901475
-0.250163	0.663136
-0.241542	0.57425
-0.278798	0.235798
-0.225454	0.495111
-0.296143	0.484324
-0.177648	0.58302
-0.375337	0.274006
-0.918375	0.135377
-0.867259	0.0736358
-0.471406	0.275129
-0.713107	-0.0864438
-0.690655	-0.0729823
-0.821404	0.0316853
-0.90374	0.17768
-0.829714	-0.1062
-0.736454	-0.216598
-0.880715	-0.11622
-0.497832	-0.0513195
-0.459586	-0.0501579
-0.573529	-0.0788737
-0.679587	-0.0926066
-1.63251	-0.243029
-1.24472	-0.0195031
-0.578427	0.304097
-0.406283	0.112469
-0.148012	-0.040941
-0.19298	0.402273
-0.0667228	0.184843
-0.162677	0.0122232
-0.38128	-0.341231
-0.799281	-0.160526
-0.754369	-0.118584
-0.742736	-0.138517
-0.418523	-0.202558
-0.972732	0.0316437
-0.792823	0.186876
0.229183	0.0349764
0.0921427	0.0249647
0.100914	-0.0809246
0.15408	0.0168259
0.247168	-0.107306
-0.0801299	0.172094
0.0318939	0.16073
0.243216	0.190278
0.369279	0.19809
0.403978	0.191543
0.322016	0.318663
-0.49814	0.188513
-1.13128	-0.293027
-0.825757	-0.154861
-0.249502	0.00236158
-0.0899104	-0.199439
-0.10096	-0.404033
-0.717832	0.0321109
-0.822926	0.360954
-0.397656	0.318656
-0.257581	0.198225
-0.280266	0.219092
-0.172427	0.280968
-0.0322622	0.191777
-0.102037	0.0627091
-0.432266	-0.0151026
-1.25229	-0.218756
-1.33814	-0.155052
-0.670677	0.657563
-0.493621	0.988773
-0.467602	0.941963
-0.538726	0.854059
-0.57652	0.759076
-0.622851	0.675809
-0.687323	0.645371
-0.568508	0.641496
-0.462753	0.74956
-0.463347	0.533889
-0.50471	0.435243
-0.308635	-0.0231751
-0.292831	-0.0666029
-0.594286	0.381978
-0.758194	0.146622
-0.933242	-0.0434804
-0.838209	-0.124553
-0.859496	0.00475227
-0.882422	0.0914228
-0.640456	0.197984
-0.356531	0.140242
-0.255363	0.0454928
-0.0798199	0.000137882
-0.00517003	0.125772
-0.122578	0.160755
-0.250445	-0.0277835
-0.113199	0.311112
-0.00648981	0.176106
-0.567859	0.157775
-0.645761	0.314846
-0.75742	0.176505
-0.761915	0.0630813
-0.824413	0.0677778
-0.856055	0.0984975
-0.707935	0.125972
-0.599106	0.318541
-0.513361	0.322532
-0.571532	0.164959
-0.804967	0.0711164
-0.783071	-0.0675746
-0.615489	-0.122804
-0.536579	-0.0386046
-0.560575	0.159171
-0.577121	0.459062
-0.179591	0.356212
-0.245368	0.188548
-0.0337245	-0.165264
-0.468959	-0.183045
-0.661638	-0.186707
-0.722958	-0.132886
-0.708953	-0.193326
-0.63979	-0.324821
-0.410192	-0.498907
-0.496629	-0.196127
-0.681041	-0.279656
-0.702621	-0.0178217
-0.676765	-0.251791
-0.777218	-0.271335
-0.628487	-0.454174
-0.551838	-0.083799
-0.765063	-0.128154
-0.43113	0.136906
-0.717998	0.0880136
-0.64337	-0.0150119
-0.86534	-0.0847154
-0.953628	-0.0713101
-0.924382	-0.0784036
-1.05634	0.0178947
-0.962358	0.0392371
-0.688632	0.0730109
-0.672533	0.136636
-0.697472	0.165444
-0.541821	-0.073076
-0.62736	-0.442933
-0.627952	-0.384483
-0.511056	-0.097671
-0.438827	-0.230651
-0.490738	-0.261195
-0.374699	-0.208153
-0.38987	-0.207737
-0.56635	-0.201371
-0.820866	-0.203861
-0.593294	-0.206231
-0.60761	-0.159995
-0.530931	-0.23959
-0.47202	-0.299139
-0.586752	-0.255466
-0.387521	-0.0700299
-0.618127	-0.0982511
-0.425622	0.0328854
-0.220312	0.181627
-0.082358	0.270926
-0.0207328	0.535353
-0.372298	0.53102
-0.480229	0.73204
-0.340282	0.784596
-0.600571	0.639977
-0.77075	0.361647
-0.917291	0.476963
-0.792135	0.367677
-0.811866	0.295671
-0.88479	0.280438
-0.99054	0.258557
-0.984168	0.242726
-1.16874	0.467666
-1.2179	0.430106
-0.749203	0.0531305
-0.835528	0.0353827
-0.892345	-0.09213
-0.94663	-0.0446493
-0.90789	-0.108621
-0.971397	-0.000780504
-0.904997	0.0175229
-0.848561	0.111845
-0.769364	0.577192
-0.813416	0.829043
-0.703742	0.716562
-0.636508	0.776308
-0.51264	0.689261
-0.475092	0.533954
-0.132578	0.201368
-0.282865	-0.0353591
-0.295935	-0.0863304
-0.461058	0.0470643
-0.33162	-0.0837131
-0.669823	0.160002
-0.678432	0.215352
-0.648417	0.325433
-0.440741	0.449992
-0.468632	0.673491
-0.513797	0.449409
-0.610015	0.345773
-0.672885	-0.0585935
-0.857716	0.0524444
-0.876752	0.0147711
-0.931468	-0.0581197
-0.947973	0.0417049
-0.977742	0.184786
-0.856567	0.310161
-0.80894	0.662199
-0.036454	1.19289
0.064309	1.17551
-0.0238343	1.23264
0.116305	1.30455
-0.160232	1.15285
-0.300516	1.02641
-0.477625	0.877018
-0.374283	0.904643
-0.0470751	0.834881
0.193571	0.760673
0.334267	0.824476
0.0786657	0.731265
-0.474583	0.655444
-0.291105	0.487352
-0.444425	0.0659814
-0.632914	0.0865276
-0.472852	0.133916
-0.199964	0.497693
0.0729086	0.896255
-0.156846	0.750858
-0.141776	0.753947
-0.210998	0.773262
-0.395115	0.79541
-0.322677	0.493849
-0.122415	0.507054
-0.31737	0.319845
-0.50959	0.398866
-0.39803	0.607049
-0.553959	0.329202
-0.563033	0.0668894
-0.541803	-0.0435817
-0.584223	-0.0992598
-0.461263	-0.234575
-0.177666	-0.227584
-0.682593	0.118839
-0.717347	0.101005
-0.64354	0.0389592
-0.673165	-0.00900088
-0.593369	-0.0831518
-0.353458	-0.210629
-0.382097	-0.418299
-0.566347	-0.519213
-0.714558	-0.398991
-0.710704	-0.216446
-0.762748	0.0194244
-0.579085	0.0952942
-0.330633	0.033971
-0.333611	-0.290878
-0.4518	-0.313347
-0.333573	-0.220729
-0.897827	0.0772361
-1.05539	0.201514
-0.530175	0.145969
-0.0458412	0.108893
-0.206478	0.201774
-0.54075	0.0647608
-0.823589	0.0156015
-0.769643	-0.11224
-0.824171	-0.0442951
-0.885571	-0.0892274
-0.937434	-0.076611
-1.02494	-0.103917
-0.990044	-0.0864279
-0.824231	-0.156117
-0.740185	0.0143306
-0.572233	0.00281223
-0.485061	0.109901
-0.499068	0.361001
-0.308218	0.180444
-0.471028	0.257557
-0.406968	0.363616
-0.182626	0.227585
0.0191026	0.112868
-0.289945	-0.152381
-0.318315	-0.311243
-0.21973	-0.441611
-0.0897012	-0.168073
-0.263507	-0.166765
-0.574638	0.156388
-0.73186	-0.103637
-0.790687	-0.223176
-0.805867	-0.180689
-0.547544	-0.0707083
-0.708855	0.0317768
-0.612466	0.0726469
-0.386483	0.22741
-0.300332	0.205214
-0.248815	0.216546
-0.240352	0.304327
-0.22054	0.352217
-0.261526	0.502265
-0.269611	0.646545
-0.434941	0.66043
-0.45229	0.699472
-0.497027	0.639825
-0.479503	0.717186
-0.44419	0.641761
-0.559971	0.518002
-0.571434	0.462571
-0.563086	-0.0270196
-0.330599	-0.2338
-0.255088	-0.256494
-0.286555	-0.223067
-0.305844	-0.158968
-0.354623	-0.118893
-0.46574	-0.0472651
-0.605195	-0.0248953
-0.717636	0.0214587
-0.689438	-0.0660906
-0.760103	0.102952
-0.221532	0.168469
-0.129522	0.228647
-0.391327	0.377167
-0.220483	0.203194
-0.190141	-0.0605771
-0.322463	0.0235855
-0.431814	-0.0685491
-0.331022	-0.225685
-0.366223	-0.290883
-0.270185	-0.291808
-0.3193	-0.20321
-0.343381	-0.251721
-0.302234	-0.218222
-0.848158	-0.062016
-0.762162	0.110408
-0.570563	0.713019
-0.407601	0.591918
-0.537983	0.715022
-0.529958	0.738398
-0.566992	0.826022
-0.576831	0.845068
-0.564158	0.832414
-0.545097	0.735421
-0.546159	0.727844
-0.926362	0.853336
-0.767105	0.728068
-0.296341	0.405182
-0.323705	0.44216
-0.222565	0.391923
-0.00315464	0.19848
-0.235856	0.393132
-0.276679	0.402228
-0.469754	0.341366
-0.82555	0.241517
-0.831212	0.0653704
-0.474206	0.214842
-0.531243	-0.0090047
-0.520773	-0.10711
-0.607219	-0.241991
-0.691882	-0.128945
-0.668352	-0.156814
-0.400939	-0.170984
-0.250517	-0.124206
-0.397949	-0.0449521
-0.491655	-0.137338
-0.66399	-0.0367616
-0.663805	-0.0821076
-0.568482	-0.0294641
-0.451575	-0.00279145
-0.203042	0.118252
-0.295417	0.306623
-0.49165	0.464393
-0.523912	0.185015
-0.609349	0.0256094
-0.575418	-0.178591
-0.653153	-0.11801
-0.665012	-0.132361
-0.568513	0.0215711
-0.53194	0.0671856
-0.868898	0.0388529
-0.925216	-0.0433688
-0.774616	0.0787946
-0.92446	-0.0342298
-0.843452	-0.228428
-0.626761	0.080365
-0.6879	0.0714473
-0.905367	0.240173
-0.0536874	-0.0858561
-0.269067	-0.246798
-0.561311	-0.278774
-0.579683	-0.431489
-0.752789	-0.409259
-0.809955	-0.445672
-0.867268	-0.434889
-0.701157	-0.450502
-0.516262	-0.230019
-0.411332	-0.00941212
-0.406627	0.273414
-0.410454	0.271758
-0.618044	0.314174
-0.758518	0.0931428
-0.407022	-0.267853
-0.280463	0.0451168
-0.524642	0.112105
-0.611204	0.170479
-0.520605	0.002991
-0.616013	-0.108564
-0.537672	-0.154214
-0.405005	-0.218129
-0.169556	-0.215748
-0.172306	-0.328717
-0.132315	-0.487249
-0.087429	-0.664566
-0.334512	-0.576629
-0.2628	-0.679399
-0.234176	-0.67246
-0.37156	-0.52934
-0.222134	-0.408341
-0.316088	-0.128189
-0.435021	-0.200772
-0.602047	0.0727239
-0.348038	-0.036576
-0.463088	-0.122911
-0.252119	0.132712
-0.140675	0.0504038
-0.217185	-0.331885
-0.0484636	-0.306784
-0.102998	-0.0909009
0.0751014	-0.11168
-0.494719	-0.0481623
-0.747555	-0.180243
-0.718509	-0.120479
-0.608222	-0.107717
-0.671724	-0.139682
-0.526716	0.00875225
-0.460888	0.079039
-0.487166	-0.0687104
-0.729891	0.0217926
-0.552033	0.0854222
-0.408975	-0.027021
-0.383331	0.0886182
-0.438666	0.00267594
-0.357304	-0.0380178
-0.37606	-0.0794222
-0.252789	-0.279646
-0.399497	-0.0773621
-0.491505	-0.165838
-0.650723	-0.319701
-0.65368	-0.201001
-0.549747	-0.351482
-0.536113	-0.402289
-0.895313	-0.496599
-1.1079	-0.270071
-1.18961	-0.416529
-0.84573	-0.608633
-0.688342	-0.49545
-0.631823	-0.35809
-0.554831	0.0260922
-0.194839	0.019626
-0.522636	-0.0738185
-0.679631	0.0143448
-0.318288	0.328378
-0.459274	0.300734
-0.382178	0.590265
-0.4784	0.402067
-0.636918	0.604841
-0.609415	0.533463
-0.654656	0.325558
-0.834085	0.242643
-0.778675	0.215929
-0.661524	0.240494
-0.620815	0.379909
-0.514812	0.417227
-0.157548	0.459855
-0.304806	0.244799
-0.167596	0.159537
-0.695479	0.0164783
-0.560969	0.0296143
-0.46319	0.81879
-0.534091	0.917809
-0.599682	0.7639
-0.663048	0.584364
-0.701671	0.430761
-0.701991	0.288436
-0.610586	0.174153
-0.57034	0.122264
-0.63473	0.109148
-0.70732	0.0579861
-0.724036	0.0228132
-0.537903	0.0223489
-0.227318	-0.0361267
-0.325031	0.0217895
-0.548945	0.228859
-0.695399	0.125505
-0.732275	-0.223468
-1.00521	-0.102973
-0.840602	-0.111092
-0.753853	0.245611
-0.554383	-0.168157
-0.715517	-0.13539
-0.917039	-0.0200984
-0.982215	-0.021142
-0.911865	0.0791543
-0.739694	0.348397
-0.63038	0.623398
-0.60448	0.698304
-0.66023	0.568445
-0.57678	0.544048
-0.627997	0.68016
-0.640966	0.699034
-0.647043	0.756561
-0.766596	0.803394
-0.782116	0.665716
-0.796382	0.625005
-0.703241	0.551857
-0.638615	0.538537
-0.454844	0.40944
-0.371657	0.579761
-0.146507	0.616457
-0.144609	0.502521
-0.0682136	0.543888
-0.158335	0.527567
-0.219646	0.345383
-0.535022	0.438079
-0.715882	0.459548
-0.841446	0.37245
-0.71736	0.593544
-0.571808	0.770751
-0.498447	0.730851
-0.322072	1.10276
-0.174076	1.05872
0.0127002	0.956965
0.132939	0.833238
0.462754	0.869127
0.394235	0.897146
0.11243	1.04403
-0.2988	0.785323
-0.597	0.66336
-0.949346	0.896489
-0.819243	0.743168
-0.702024	0.785471
-0.506342	0.7315
-0.211772	0.554267
-0.977329	-0.0356942
-1.10843	-0.15565
-0.402816	-0.352623
-0.444466	-0.284926
-0.683178	-0.202091
-0.780223	-0.123056
-0.274912	-0.162087
-0.529581	0.158391
-0.183455	0.332497
-0.326502	0.182229
-0.649813	0.1393
-0.825685	0.158206
-0.947397	0.0104219
-0.603	0.301312
-0.307543	0.188967
-0.178268	0.306169
-0.0970157	0.455738
0.00411231	0.531466
-0.0373738	0.553829
-0.233931	0.503562
-0.260825	0.601341
-0.0821387	0.522165
-0.485494	0.670383
-0.643696	0.645286
-0.565111	0.440703
-0.47059	0.299947
-0.452048	0.169563
-0.697185	-0.0681458
-0.471616	-0.110449
-0.700997	-0.182859
-0.766287	-0.228493
-0.769921	-0.235393
-0.767391	-0.0966206
-0.799921	-0.269034
-0.930521	-0.3543
-0.50785	0.108519
-0.56685	-0.0454586
-0.727895	0.00117882
-0.740868	0.0823753
-0.863788	0.0713647
-0.802765	0.323099
-0.307016	0.714886
-0.475088	1.05512
-0.510242	1.22952
-0.443407	1.31069
-0.340054	1.32316
-0.355676	1.30912
-0.279255	1.27821
-0.153792	1.28775
-0.173209	1.22963
-0.126276	1.21086
-0.22148	0.772516
-0.442969	0.537616
-0.7473	0.718965
-0.64435	0.720986
-0.527493	0.847267
-0.616085	1.04017
-0.682336	0.826393
-0.0769552	1.04832
-0.181831	0.973464
-0.0436802	0.965843
-0.255762	0.825154
-1.04445	0.197645
-1.52039	-0.0914433
-0.731424	-0.192527
-0.677291	-0.231596
-0.362384	-0.134516
-0.61132	-0.292949
-0.560925	-0.213188
-0.580037	-0.189091
-0.5248	-0.15691
-0.626436	-0.277065
-0.6884	-0.228476
-0.807881	-0.235677
-0.57052	-0.127748
-0.641073	-0.0149577
-0.53855	-0.350975
-0.493951	-0.210808
-0.548591	-0.239731
-0.530309	-0.16384
-0.478706	-0.263826
-0.561226	-0.183825
-0.566088	-0.271303
-0.307513	0.0372587
-0.370903	-0.0344526
-0.578424	-0.0959804
-0.313581	-0.0211884
-0.533321	0.115421
-0.51909	-0.131652
-0.536657	0.179087
-0.599391	0.355968
-0.580663	0.0662856
-0.621922	0.10815
-0.819694	0.0330341
-0.506167	0.134076
-0.692156	-0.0475357
-0.611295	-0.0898694
-0.613386	0.0291683
-0.66356	0.0803986
-0.683818	-0.114705
-0.726514	-0.342185
-1.08311	-0.324451
-0.571858	-0.123377
-0.502487	-0.18328
-0.550847	-0.12049
-0.661013	-0.0374784
-0.694227	-0.0832711
-0.724313	-0.0416811
-0.70184	-0.0468911
-0.50228	0.233151
-0.565763	-0.00754964
-0.581641	0.0100758
-0.419626	-0.138604
-0.681754	-0.13108
-0.678282	-0.00567639
-0.585429	0.0732845
-0.633645	0.0439055
-0.57791	0.0869252
-0.546744	0.136391
-0.63335	0.0164114
-0.658571	0.0545528
-0.679293	0.0643611
-0.870574	-0.0363168
-0.76318	-0.0117773
-0.779929	0.0823367
-0.584454	0.257828
-0.904783	0.193503
-0.595116	-0.0323753
-0.82788	0.160896
-0.695683	0.193089
-0.774653	0.0427956
-0.865128	0.155858
-0.714508	0.250421
-0.73818	0.214526
-0.495132	0.26125
-0.74597	0.294624
-0.79192	0.308601
-0.712161	0.373689
-0.814401	0.277524
-0.808584	0.387519
-0.860735	0.425981
-0.778495	0.195075
-0.995417	0.340399
-0.949342	0.379956
-0.872682	0.329052
-0.245496	-0.0306637
-0.372813	-0.121024
-0.822955	0.442944
-0.909747	0.508196
-0.968243	0.309338
-0.92096	0.0770105
-1.06835	0.157614
-1.14626	0.244142
-1.03107	0.169472
-0.872415	0.279608
-0.783426	-0.058181
-0.812161	-0.0289099
-0.640091	0.0568044
-0.368781	0.0350056
-0.355041	0.318937
-0.602607	0.308701
-0.226876	0.56687
-0.670938	0.559104
-0.767015	0.507821
-0.907728	0.428769
-1.00495	0.341358
-1.07064	0.237688
-0.927395	0.0862351
-0.762864	-0.0223482
-0.4896	-0.11193
-0.344716	-0.333248
-0.569746	-0.231615
-0.604782	0.00899403
-0.599068	-0.157579
-0.510099	-0.148661
-0.28498	-0.0208955
0.277739	0.119197
0.735838	0.152355
0.635167	0.134926
0.563963	0.036637
0.566526	0.0395595
0.310579	-0.0311984
-0.189094	-0.0475174
-0.476197	0.0957859
-0.255866	0.170414
-0.163333	0.573858
-0.14628	0.664337
-0.175217	0.513404
-0.341455	0.401463
-0.144313	0.29185
-0.159386	0.364466
-0.846895	0.151251
-1.12788	0.0786094
-0.827647	0.0646071
-0.520689	-0.0549764
-0.512201	-0.189117
-0.733512	-0.172237
-0.871002	-0.0796257
-0.95688	0.0295669
-1.05739	0.32144
-0.911755	0.477556
-0.679696	0.622472
-0.449489	0.671786
-0.226267	0.695258
-0.233141	0.489148
-0.207604	0.455419
-0.272412	0.540701
-0.274971	0.483845
-0.357303	0.590939
-0.241756	0.835161
0.13335	0.90199
0.362535	0.943595
0.474884	0.973933
0.647985	0.987609
0.591093	0.953526
0.716585	0.999252
0.743536	1.08737
0.484456	1.08635
0.23111	1.08006
0.0694759	1.0248
-0.111888	0.927656
-0.352173	0.786568
-0.451813	0.552236
-0.635894	0.438617
-0.792655	0.312574
-0.795667	0.157181
-0.939723	0.151433
-0.976318	0.154184
-0.868806	0.113232
-0.890664	0.180433
-0.851938	0.220562
-0.787607	0.306389
-0.686647	0.359615
-0.696158	0.425858
-0.665483	0.514222
-0.559	0.576411
-0.519322	0.648364
-0.560641	0.715869
-0.555401	0.724658
-0.55232	0.693794
-0.556563	0.715187
-0.613414	0.841528
-0.516324	0.784124
-0.442775	0.751972
-0.467253	0.779411
-0.511055	0.761134
-0.458787	0.887505
-0.193509	0.477503
-0.422594	0.669715
-0.451062	0.835874
-0.287029	0.887412
-0.210926	0.861542
-0.187841	0.830005
-0.287434	0.890436
-0.324894	0.950404
-0.481759	0.941203
-0.607891	0.979982
-0.483605	1.01883
-0.834517	0.886065
-0.81503	0.597266
-0.737528	0.279163
-0.971763	0.156372
-0.96001	0.0427323
-0.95954	-0.0809179
-1.02612	-0.236256
-1.21386	-0.28199
-1.29167	-0.187936
-1.34705	-0.270542
-1.27781	-0.230986
-0.951547	-0.376165
-0.919569	-0.320847
-0.639683	-0.132431
-0.550884	-0.275011
-0.754069	-0.0529501
-0.511166	-0.0284145
-0.684711	-0.0302553
-0.595402	-0.0183933
-0.55154	0.130231
-0.429386	0.176862
-0.314557	0.284585
-0.412667	0.69888
-0.380535	0.832041
-0.355542	0.796475
-0.38668	0.779737
-0.465513	0.737738
-0.56247	0.817476
-0.597572	0.838795
-0.514418	0.721696
-0.568762	0.80985
-0.45085	0.560466
-0.566172	0.319894
-0.635616	0.259914
-0.308372	0.191775
-0.183111	0.22815
-0.428062	0.289155
-0.179137	0.108788
-0.0925079	0.291942
-0.30228	-0.0186183
-0.430461	0.164442
-0.59481	0.0964116
-0.553154	0.154525
-0.382814	0.32111
-0.32517	0.280904
-0.486977	0.137159
-0.549367	0.184899
-0.544082	-0.00829355
-0.659927	-0.0630472
-0.550665	0.174596
-0.599391	0.12962
-0.53427	-0.00312581
-0.799917	0.365404
-0.538436	0.582082
-0.51616	0.669243
-0.443077	0.809591
-0.363155	1.03394
-0.273769	0.963064
-0.348816	0.977091
-0.256267	1.01167
-0.513058	1.13411
-0.504628	1.02977
-0.436675	1.00645
-0.404281	1.04208
-0.733451	1.26449
-0.708342	0.972548
-0.70964	0.89345
-1.0551	0.5768
-0.761381	0.747091
-0.527591	0.477788
-0.752905	0.140445
-0.689586	-0.0834298
-0.659741	0.0639202
-0.700325	0.0388371
-0.596696	0.0537312
-0.703904	-0.0985042
-1.12007	-0.121236
-1.19594	0.0300208
-1.01542	-0.15031
-0.890534	-0.396698
-0.871856	-0.164879
-0.870845	0.140363
-1.02294	-0.0233773
-1.27511	-0.0130306
-1.43758	0.0726343
-1.44783	0.127768
-1.20453	0.435166
-1.43348	0.789145
-1.10137	0.443056
-0.988295	0.242718
-0.943266	0.15824
-0.987916	0.090517
-0.969548	0.0280363
-1.02802	0.0516261
-0.995111	-0.0480184
-1.07328	-0.0119503
-1.03517	0.0066795
-0.825225	-0.08221
-0.763034	0.101609
-0.678571	0.564682
-0.607212	0.577742
-0.574463	0.628587
-0.454906	0.656202
-0.265613	0.466312
-0.413822	0.692389
-0.268631	0.632342
-0.17293	0.580268
-0.073898	0.593359
0.0442142	0.443691
-0.547894	-0.0501549
-0.150574	-0.133879
-0.456465	0.0590917
-0.526828	0.0213252
-0.550469	0.0803627
-0.607206	-0.0509765
-0.516919	-0.223905
-0.397991	0.00919911
-0.332387	-0.145033
-0.765002	-0.307707
-0.750418	-0.219102
-0.526294	-0.0512518
-0.439962	0.0392172
-0.537944	-0.121097
-0.454697	-0.194911
-0.605467	-0.0475476
-0.454427	0.0217216
-0.561893	-0.260988
-0.621075	-0.347194
-0.511692	-0.0913084
-0.733429	0.110587
-0.583815	0.171069
-0.382396	-0.127507
-0.330603	-0.213767
-0.668879	-0.277741
-0.693413	-0.246088
-0.588199	-0.190102
-0.533708	-0.479001
-0.690908	-0.371473
-0.60968	-0.131789
-0.579939	-0.450491
-0.575477	-0.387711
-0.533217	-0.538583
-0.554476	-0.283138
-0.464098	-0.315665
-0.415033	-0.41063
-0.400054	-0.408183
-0.286722	-0.272199
-0.458975	-0.222303
-0.468786	-0.0890305
-0.354111	-0.111616
-0.279231	-0.251244
-0.383062	-0.0888752
-0.326698	-0.0843108
-0.250736	-0.0550395
-0.291461	-0.137958
-0.387704	-0.00450426
-0.822014	0.231013
-0.889118	0.00890314
-0.996515	0.0909009
-0.795224	0.126002
-0.71744	-0.0191969
-0.860176	-0.149457
-0.842821	-0.0632938
-0.790498	-0.0962518
-0.768598	-0.0827461
-0.91227	-0.156235
-0.794712	-0.441709
-0.856192	-0.236197
-0.759623	-0.334519
-0.861056	-0.0310814
-0.951244	0.0408257
-0.831543	-0.244809
-0.716806	-0.0322707
-0.725012	-0.165667
-0.71857	-0.172073
-0.740393	-0.251135
-0.904047	-0.296651
-1.10058	-0.315677
-1.06955	-0.275365
-1.13127	-0.237492
-1.0816	-0.377026
-1.24824	-0.333279
-1.01564	-0.274881
-0.711467	0.0369004
-0.307352	-0.182941
-0.531957	0.0704191
-0.655571	0.199407
-0.317696	0.0869354
-0.175223	0.392535
-0.262846	0.609212
-0.153096	0.472067
-0.0234297	0.395085
0.0745542	0.119954
0.00220148	0.228656
-0.273001	0.340609
-0.631349	0.474484
-0.732467	0.395103
-0.721993	0.286643
-0.860279	0.338425
-0.868226	0.310182
-0.946945	0.447728
-0.73313	0.370829
-0.553349	0.367152
-0.0719265	-0.112981
0.17946	0.133953
0.345133	0.142209
0.483998	0.0856106
0.446163	0.0138704
0.685767	0.0804708
0.538471	0.124687
0.28853	0.221606
0.355264	-0.0703835
-0.0660312	0.0010886
-0.676086	0.24693
-0.796685	0.173821
-0.670457	-0.021436
-0.814296	-0.0615855
-0.779903	-0.030395
-0.484386	-0.040649
-0.436705	-0.0943067
-0.633047	-0.207033
-0.554554	-0.276019
-0.440273	-0.296446
-0.523108	-0.503711
-0.493486	-0.491076
-0.510403	-0.469527
-0.358046	-0.436843
-0.204853	0.00628537
0.453096	0.410524
0.44061	0.480351
0.239411	0.449993
-0.180204	0.457255
-0.266993	0.294232
-0.429449	0.242792
-0.49319	0.175
-0.643775	0.155221
-0.693097	0.364861
-1.26656	0.881681
-1.04119	0.945375
-0.528696	0.662038
-0.380436	0.497713
-0.0957879	0.393181
-0.312599	0.193349
-0.0490936	0.112809
-0.0555232	0.0695013
-0.148004	0.47838
-0.400753	0.164124
-0.541851	0.0963052
-0.765829	0.0993368
-0.848496	-0.049182
-0.968258	-0.11089
-0.969867	-0.185111
-1.03378	-0.129117
-0.923044	-0.180975
-0.853783	-0.11412
-0.884084	0.112491
-0.734617	0.101068
-0.537499	0.139968
-0.558937	0.19441
-0.435045	0.0241104
-0.638703	0.130934
-0.659024	0.073101
-0.603598	-0.0853549
-0.902972	0.0599646
-0.804656	-0.0745424
-0.808544	-0.0791766
-0.906014	-0.0200569
-0.756884	-0.246546
-0.875824	-0.209689
-0.611257	-0.0859385
-0.537834	-0.10366
-0.47694	-0.102984
-0.355997	-0.0938009
0.120157	-0.0318585
0.329535	0.0292697
0.313979	0.0774989
-0.00232979	0.186841
-0.168851	0.093153
-0.344363	-0.095066
-0.359519	0.0732194
-0.341911	0.105042
-0.437002	0.540075
-0.492407	1.02231
-0.410656	1.21319
-0.389539	1.32741
-0.266351	1.25142
-0.398104	1.21213
-0.375157	1.17568
-0.484347	1.04686
-0.609242	0.828556
-0.696537	0.552518
-0.766184	0.418686
-0.818504	0.452719
-0.749592	0.540554
-0.598389	0.535251
-0.460782	0.528228
-0.437403	0.44313
-0.034312	0.406019
-0.390264	0.328889
-0.250528	0.0985137
-0.260533	0.266725
-0.347787	0.220344
-0.195136	0.351157
0.0509709	-0.0394858
-0.17277	0.109988
-0.555139	0.14089
-0.342745	0.304363
-0.589832	0.419214
-0.728489	0.428263
-0.777435	0.420875
-0.758083	0.357606
-0.762144	0.271483
-0.604851	-0.0522981
-0.656584	0.124835
-0.647372	0.462719
-0.671652	0.579979
-0.691794	0.580822
-0.724387	0.465822
-0.795768	0.417589
-0.872169	0.298581
-0.969954	0.11645
-1.02892	-0.0148118
-0.966217	-0.203515
-1.00076	-0.168133
-0.879116	-0.19213
-0.680644	-0.281391
-0.603056	-0.239005
-0.816863	0.129997
-0.855833	0.547849
-0.72852	0.678824
-0.732214	0.749167
-0.73057	0.802258
-0.672524	0.839493
-0.659906	0.831201
-0.604733	0.831496
-0.560256	0.4092
-0.647154	0.362916
-0.575354	0.342243
-0.201609	0.137345
-0.40849	0.0736834
-0.414364	0.234675
-0.705987	0.232843
-0.709276	0.188742
-0.737498	0.149965
-0.750049	0.186228
-0.688706	0.136118
-0.627516	0.101664
-0.371678	0.109259
0.330243	-0.0395744
0.445189	-0.0657829
0.0797629	0.027287
-0.376154	0.244856
-0.615734	0.0400535
-0.339913	-0.0258972
-0.392032	-0.0067927
-0.54191	-0.155563
-0.671681	0.166425
-0.868515	-0.0678517
-0.804455	0.132821
-0.73836	0.0706632
-0.874368	-0.0145355
-0.828225	-0.112754
-0.709048	-0.105051
-0.584287	0.107336
-0.634167	0.423369
-0.648361	0.537092
-0.577617	0.694734
-0.79085	0.820314
-0.466604	0.775851
-0.559476	0.842804
-0.880668	0.287477
-1.10131	-0.187982
-1.11073	-0.170065
-0.697606	-0.182262
-0.611415	0.128172
-0.615254	0.17716
-0.227799	0.284042
0.278053	0.143419
-0.539939	0.231131
-0.833228	0.395667
-0.831979	0.556622
-0.791164	0.648811
-0.830025	0.866895
-0.666111	1.01104
-0.609907	1.07536
-0.573909	1.07239
-0.612687	0.979679
-0.650215	0.778249
-0.512274	0.459247
-0.332278	0.18952
-0.0933551	0.182201
0.0444277	0.0196372
0.145919	0.0928438
0.165049	0.126188
0.313903	0.0353286
-0.248254	0.0401517
0.202702	-0.00800031
0.162563	0.0898045
0.0350081	0.111326
-0.0916683	0.0250483
-0.199701	0.0624553
-0.229797	0.00334685
-0.0910535	-0.0748502
-0.216051	-0.0253455
-0.432714	-0.0971184
-0.643538	-0.108508
-0.493933	-0.328946
-0.526221	-0.23734
-0.490799	-0.228851
-0.442123	-0.137048
-0.456384	-0.298576
-0.544612	-0.257715
-0.553524	-0.295764
-0.306551	-0.179564
-0.543622	-0.316729
-0.55803	-0.3673
-0.498713	-0.174673
-0.461652	-0.250081
-0.498774	-0.394525
-0.433313	-0.311774
-0.597384	-0.396748
-0.734957	-0.448337
-0.676315	-0.421277
-0.602256	-0.206823
-0.529919	-0.0871824
-0.44677	-0.143593
