2.25081	-12.9056
-4.26087	-10.9494
1.70418	-12.8631
-4.17264	-15.6073
-1.61635	-17.527
-8.11511	-11.3616
-6.21777	-13.184
-2.59191	-13.9383
-1.79079	-10.3841
-5.0246	-14.2898
-4.20152	-18.6791
-3.90819	-15.6811
-4.43249	-12.5104
-7.67994	-8.9848
-7.12395	-12.6042
-9.01577	-13.5529
-10.7497	-13.5447
-6.77786	-11.0313
-4.37974	-13.432
-4.95976	-15.1635
-4.38626	-15.8976
-7.48235	-16.0242
-6.67461	-15.2794
-6.29115	-19.371
-8.00241	-9.86873
-4.18795	-12.2408
-8.49071	-13.2806
-5.60826	-16.2528
-7.62553	-12.2982
-5.7779	-10.8441
-7.07104	-13.7681
-5.26509	-6.92052
-8.84566	-9.36415
-8.43993	-11.5358
-10.344	-8.04932
-6.38408	-14.5658
0.0197718	-4.44154
-3.87545	-8.06752
0.743542	-4.42654
3.24337	-8.50913
2.64871	-15.2592
3.27555	-7.85965
-2.49945	-11.0209
-5.66841	-11.2825
-1.10876	-14.071
-1.45259	-7.93454
-1.05035	-11.6265
-7.02611	-11.7244
-0.840192	-14.7168
-4.06463	-28.5791
-8.99349	-32.8102
-9.29718	-35.7452
-8.00602	-36.225
-5.72377	-34.592
-2.04863	-34.9153
1.80373	-28.2265
6.09223	-26.2108
4.55638	-24.9563
2.07902	-34.8314
-4.61335	-26.1939
-12.8609	-15.0056
-6.03985	-26.6871
-9.49305	-28.019
-10.7758	-25.4657
-10.2618	-25.0752
-7.04175	-29.6152
-5.16392	-28.8849
1.01494	-24.3279
7.74473	-11.6523
2.90107	-12.6328
1.25816	-11.3944
-3.40348	-8.61357
-3.75129	-11.2597
-6.48267	-10.8463
-2.35051	-14.1684
-8.93544	-17.4263
-5.33257	-12.7931
-2.34737	-14.9809
-4.95087	-9.99364
-1.70651	-12.5837
-8.93055	-27.4983
-12.864	-31.305
-13.0896	-33.7248
-14.4806	-32.749
-13.887	-31.7595
-15.8381	-32.4791
-17.3506	-35.417
-15.6031	-34.2721
-14.5979	-33.4901
-13.2285	-33.6553
-13.3262	-34.4669
-7.40921	-30.3718
-3.94026	-25.7433
-5.45116	-27.5074
-10.2239	-29.0055
-7.61186	-26.619
-8.8426	-24.6205
-6.28015	-21.4313
-7.92983	-24.0851
-2.28909	-19.8093
-2.09685	-19.6508
1.12044	-19.1779
4.95028	-25.9778
5.31279	-23.9588
6.42297	-24.3528
7.06868	-23.7444
6.22577	-17.736
-1.15686	-10.448
-3.18241	-21.4688
-4.9463	-22.3778
-5.73621	-23.3984
-2.62316	-24.141
2.75188	-25.3264
4.22515	-31.9924
1.11701	-30.4106
1.7501	-31.6493
1.0258	-29.0324
-2.85728	-24.6109
-3.31095	-14.4829
-2.81497	-18.855
-2.68095	-15.2928
-5.29668	-20.4947
-11.6168	-18.6958
-5.94763	-13.1289
-10.1475	-17.1663
-6.0916	-23.3865
-2.09804	-23.5879
0.178519	-13.1584
4.78432	-17.5068
2.85082	-24.3217
3.12549	-27.9563
1.77424	-26.5314
3.44148	-25.211
0.827016	-15.4977
-3.31447	-14.788
-8.72896	-9.61314
-13.6941	-7.78807
-14.5205	-10.1134
-14.9124	-14.7083
-15.319	-15.7356
-15.5491	-20.1794
-19.3906	-18.9324
-22.3959	-16.5413
-22.3963	-12.4113
-23.6628	-8.7593
-21.759	-7.56038
-17.5466	-7.0315
-12.2359	-9.67437
-10.2845	-14.2914
-7.9021	-20.0219
-6.76041	-22.756
-10.1106	-23.5356
-10.8227	-24.0542
0.114989	-21.0266
0.16529	-21.1067
-0.707807	-21.5237
-1.35858	-22.1641
-7.24188	-17.1481
-7.47068	-21.459
-13.4223	-21.5802
-12.7615	-22.4718
-10.9585	-24.6079
-5.23119	-26.961
3.39835	-27.7872
2.47804	-21.7667
5.33079	-18.7502
4.79198	-18.7844
-1.66525	-11.9189
0.362723	-8.10032
0.109044	-6.78704
-4.2268	-7.64532
-1.57696	-4.35747
-0.0572831	-12.2795
-1.75738	-6.6851
1.0381	-7.68564
-1.75023	-13.6707
-1.54282	-15.4131
2.49388	-19.6273
-4.23815	-25.6748
-6.16237	-23.8277
-6.81578	-27.4505
-0.0647129	-23.7637
1.9367	-17.791
2.6415	-10.536
0.506938	-11.7138
3.59454	-11.1053
6.31724	-4.92009
0.83643	-7.61997
-3.00457	-13.4754
-3.00415	-11.965
-5.74054	-12.0369
-9.3062	-8.75965
-6.54615	-6.03705
-2.9454	-10.7974
-10.8805	-9.95228
-7.27044	-22.863
-7.69092	-31.2806
-8.64188	-27.3314
-7.70428	-26.6195
-6.73534	-29.8602
-7.22065	-26.9064
-9.32562	-27.5037
-7.34656	-22.2355
-12.7666	-21.5768
-13.8849	-19.1145
-14.7124	-12.0617
-15.8699	-12.0615
-16.6842	-9.90892
-17.4494	-10.9091
-13.4416	-13.0328
-16.5866	-8.75333
-10.8573	-10.2908
-12.076	-8.78633
-9.55883	-13.3769
-9.0579	-14.1329
-0.505916	-18.6323
2.61764	-10.9759
-0.337308	-11.4371
-3.77578	-12.4843
-3.15299	-13.9444
-1.12935	-13.131
-4.25048	-13.2154
-2.9339	-6.61873
-0.914995	-8.77497
-1.43556	-6.87165
-2.52529	-9.80303
-4.65043	-5.40089
-1.7339	-7.26478
-1.32352	-4.1269
2.79097	-6.2695
-1.18161	-4.24872
-0.250994	-5.2224
-4.47931	-6.81777
2.07578	-9.55001
-1.61955	-5.66778
2.53943	-5.5744
-1.52137	-1.7828
0.377591	-5.70514
-0.742772	-6.09921
0.575093	-3.90737
-4.72909	-6.06703
-4.93692	-10.1768
-6.90258	-9.23358
-5.15856	-10.9016
-7.1446	-16.0265
-5.08604	-13.3553
-7.00833	-10.2963
-7.8341	-8.73411
-9.50041	-11.0683
-12.4003	-12.5853
-9.4873	-5.22718
-13.7681	-14.9069
-7.85635	-11.4746
-10.9094	-10.8318
-9.12631	-12.2673
-8.17893	-7.26226
-12.5447	-16.0432
-9.37895	-14.4338
-7.53906	-6.14046
-7.06513	-4.19197
-8.13274	-4.83889
-8.96858	-13.8682
-6.8679	-10.0924
-9.71071	-12.2509
-12.0817	-15.7043
-10.2	-8.58854
-12.6486	-10.0713
-5.99933	-12.6887
-11.6787	-10.4319
-6.77871	-10.8595
-5.46977	-8.3271
-5.41299	-13.1721
-1.36774	-10.0347
-7.74705	-12.1957
-0.567481	-14.4169
-7.39639	-16.9922
-9.95346	-11.7523
-9.12541	-10.7449
-13.0615	-12.6438
-5.0369	-10.3557
-9.73674	-16.9148
-6.55218	-13.4856
-8.62004	-9.70398
-11.9436	-14.5782
-6.58649	-4.7402
-2.50483	-7.87963
-9.0523	-8.94323
-6.62663	-15.7487
-5.52014	-14.1811
-7.60243	-15.678
-3.90138	-20.5668
-6.70188	-34.8997
-7.66934	-34.3192
-11.8768	-35.2284
-13.5526	-33.6444
-13.0695	-30.7304
-13.4793	-29.4047
-13.1509	-29.6012
-13.5601	-30.499
-12.9398	-30.0003
-12.6203	-29.7119
-12.6308	-29.4009
-12.3854	-30.353
-10.2606	-32.2482
-8.64032	-34.8088
-6.60689	-30.312
-6.95365	-25.6123
-6.46495	-17.4705
-14.2563	-17.9454
-20.8262	-15.0214
-21.9136	-12.3525
-20.3169	-13.8643
-24.2193	-9.90751
-23.3809	-12.4796
-17.9369	-12.6725
-16.8856	-12.3779
-12.246	-15.0084
-9.90334	-21.2766
-6.81713	-29.4482
-9.32071	-31.7044
-9.46331	-26.0378
-1.30004	-23.4366
-2.70047	-21.7381
0.197896	-26.4077
-1.77132	-27.6019
-3.15115	-28.3737
-2.53912	-30.9672
-1.78087	-29.1686
-7.04802	-29.5111
-10.0103	-28.7566
-10.6815	-29.1744
-10.7178	-29.3096
-10.9321	-29.7948
-8.65595	-30.7558
-8.85345	-29.3714
-10.8406	-21.4196
-5.59793	-16.0052
-3.46392	-15
-3.22009	-10.837
-6.40976	-11.9898
-5.05618	-24.3105
-3.66533	-28.2187
-6.40509	-28.7974
-9.18121	-30.0365
-6.83098	-31.6016
-5.05335	-32.4158
-0.921947	-32.9408
4.47443	-29.9931
0.060613	-25.1892
-1.32557	-22.6305
-0.46795	-21.2054
-1.13097	-19.1055
-0.634314	-20.9336
-0.979379	-17.2343
2.70915	-18.7905
0.586582	-13.0768
-0.645428	-14.723
2.76244	-13.7548
3.83802	-11.6586
4.57805	-9.80197
1.78148	-6.47607
-5.08054	-13.8708
-0.332915	-10.9418
-2.45581	-27.1759
-6.61971	-30.8883
-9.02776	-31.8661
-10.2661	-32.2419
-9.99134	-30.7452
-11.2015	-29.857
-10.2311	-28.7997
-11.0664	-29.4705
-10.6909	-30.8147
-10.5748	-29.2542
-10.6095	-29.4023
-9.57196	-26.6586
-7.69036	-27.8483
-8.21811	-26.9665
-8.46571	-22.38
-4.16645	-16.215
-0.886827	-11.1959
-2.16629	-7.92104
-0.948646	-11.7733
-7.26257	-10.4142
-3.68517	-10.4443
-0.0651656	-10.3053
4.41612	-17.3974
0.716895	-14.078
-2.32046	-18.4357
-4.89849	-17.21
-6.92282	-14.0179
-2.77128	-18.8543
-2.63632	-9.55845
-3.61048	-6.06138
-6.45185	-18.1133
-10.6241	-24.5578
-9.55951	-23.2817
-9.41303	-25.3404
-6.5638	-23.3701
-7.09792	-23.6563
-4.58475	-18.1173
-3.78989	-9.591
-0.246669	-9.18489
4.61395	-19.0048
6.82632	-26.3757
3.17582	-26.0229
3.61768	-28.5169
1.55775	-27.0898
0.701878	-26.159
0.413846	-26.908
0.393279	-24.4454
1.94215	-19.3989
-6.17306	-15.5518
-2.39903	-15.0467
-5.05421	-32.0947
-6.84371	-33.7599
-7.39493	-33.3163
-7.0866	-33.3745
-5.85716	-33.0024
-1.97993	-33.4916
1.30669	-29.8849
1.16069	-24.7311
0.374856	-21.7039
-0.103472	-24.7545
1.51443	-20.9671
2.67914	-13.958
-0.880053	-11.3638
-0.405012	-10.922
-3.56253	-8.86059
-3.42278	-13.9969
-7.62543	-9.70321
-6.64691	-11.9221
-5.85007	-10.8912
2.22305	-7.99567
-3.09482	-12.2793
-8.43655	-12.7585
-15.6739	-11.8951
-17.2392	-9.10681
-10.4532	-13.2183
-4.27448	-19.2371
-5.5085	-25.5854
-9.48461	-29.9677
-12.5166	-29.8893
-13.3298	-29.6191
-8.93115	-32.5134
-3.99135	-30.1407
-7.54325	-25.6514
-4.01092	-26.9905
-5.91379	-22.3952
-1.12422	-21.8859
-5.01412	-18.0567
-3.25182	-15.8211
-6.26382	-11.6591
-10.3417	-11.2809
-10.9848	-7.48746
-11.0493	-12.0902
-4.93443	-9.25232
-8.54921	-17.6612
-5.34604	-19.4493
-3.67662	-25.4098
-3.32948	-30.9063
-7.5303	-27.4068
-10.2614	-27.8512
-8.28933	-29.3558
-2.97933	-20.7963
-0.51541	-14.5561
0.254596	-26.6665
-7.04936	-19.4498
-6.77927	-19.4841
-6.79906	-15.147
-8.18152	-10.8417
-7.94306	-10.203
-4.05289	-10.9454
1.59327	-15.2727
5.37552	-7.14105
0.996685	-10.9859
-3.07408	-13.3236
-7.37025	-12.918
-4.09342	-13.9948
-6.68137	-18.1263
-1.28094	-12.0569
0.0778412	-18.3183
10.3904	-22.1966
7.44399	-26.0566
6.50881	-24.1246
3.04838	-20.2426
1.21769	-13.6319
2.97935	-15.8083
-4.70738	-9.95099
-5.16796	-21.192
-7.1927	-21.8471
-7.52058	-19.9222
-6.18674	-16.1019
-5.97144	-15.6335
-8.25725	-16.3512
-6.82748	-16.6853
-6.09446	-18.5668
-5.62722	-17.9312
-4.62832	-18.9009
-3.38074	-18.9309
1.34984	-22.9654
4.06051	-23.8785
3.15351	-21.0988
1.88401	-19.9746
-0.741129	-21.8884
0.846871	-23.0159
1.43862	-22.0927
-0.0186791	-17.8098
1.90458	-18.6429
1.62197	-15.8379
-1.0145	-12.9403
0.632018	-9.84542
0.55581	-6.08858
-11.59	-8.61783
-14.6922	-7.46385
-13.8691	-3.80211
-6.09319	-10.2835
-9.10907	-8.20913
-10.5288	-8.47607
-11.3275	-9.96669
-4.76655	-4.08227
-5.64849	-10.0963
-3.04991	-5.78961
-7.38493	-4.95505
-9.71931	-6.77115
-6.68578	-11.6803
-6.26315	-16.1858
-8.9239	-10.4589
-10.0657	-4.5464
-17.9362	-4.00042
-13.9438	0.704194
-8.63543	-4.48614
-9.08166	-1.64648
-6.54047	2.15104
-7.80826	-0.805028
-11.0677	0.799928
-11.2351	-12.3349
-8.13589	-17.2676
2.60274	-18.6026
-0.791279	-3.56122
-8.53434	-7.07596
-3.29456	-8.3378
-8.85888	-5.3273
-3.03016	-10.3492
-10.8627	-6.52208
-10.3961	-8.36671
0.367531	-7.88917
-6.79964	-10.0591
-7.71013	-9.53231
-3.87692	-7.42855
-2.70001	-5.97416
-5.5778	-10.1136
-0.408327	-6.75215
-2.72433	-6.02623
0.324044	-6.91193
-1.82659	-6.20304
-2.89978	-4.7977
-6.85889	-7.32451
1.10309	-9.48797
0.827587	-7.28895
-2.66831	-6.51459
-0.348792	-13.7678
-1.67897	-3.81157
1.54783	-7.68993
2.94188	-21.5287
3.61973	-20.3158
9.37739	-23.2922
7.12256	-22.6478
6.79176	-23.2768
6.51832	-24.0876
9.33497	-25.2533
2.20203	-29.5031
-0.29122	-30.4483
-0.997041	-25.7377
0.986685	-25.8149
2.72091	-26.4174
5.08249	-29.3664
8.35353	-32.7111
6.51706	-33.3794
3.12263	-32.9829
-2.20644	-31.3333
-1.92344	-29.9815
-4.50686	-30.4258
-3.92455	-31.1802
-3.13152	-31.9398
0.44405	-30.7758
4.24896	-28.071
3.85994	-19.5061
0.378613	-17.1898
-1.51879	-16.0779
0.10623	-12.838
6.63151	-15.7192
2.71053	-16.5383
2.79765	-14.5246
-3.19194	-11.835
-9.23363	-11.5178
-6.21434	-5.99101
-6.73585	-7.29157
2.34143	-13.433
-4.40203	-21.0334
-6.86314	-25.5837
-7.36002	-26.3538
-9.81757	-23.2397
-12.4603	-23.2659
-11.7788	-22.6974
-12.2377	-21.2819
-13.3302	-19.2115
-11.5044	-15.89
-15.8107	-18.8724
-9.64843	-18.0697
-5.21191	-11.6591
-5.27531	-19.3265
-9.4627	-13.4919
-9.0354	-17.4301
-8.60682	-21.0181
-1.34862	-9.7393
4.43993	-14.3244
-5.72983	-28.0982
-9.05015	-26.5014
-11.4901	-26.4297
-10.2834	-23.7761
-8.7013	-22.8417
-8.53545	-23.9552
-8.56709	-19.7466
-8.65275	-22.0953
-7.51991	-19.7235
-8.39637	-21.4757
-8.85429	-21.1839
-8.31443	-20.5723
-7.3912	-21.3864
-6.32004	-20.0483
-7.73776	-19.1011
-7.92824	-17.3655
-9.52971	-17.3582
-7.20824	-14.8255
-7.59572	-14.1829
-7.25296	-12.726
-5.89514	-14.3425
-5.27455	-14.9352
-5.38555	-14.6439
-4.01041	-19.0158
-2.7814	-19.4173
-2.60617	-20.289
-4.94449	-20.3312
-2.87705	-20.8712
-4.1678	-18.7966
-4.77298	-17.3498
-5.35904	-16.504
-7.28404	-17.8806
-8.20473	-21.3641
-8.48829	-23.5976
-7.80043	-23.303
-6.47173	-25.6765
-6.7195	-26.0034
-9.43002	-27.4677
-10.8218	-26.3664
-9.62453	-26.1523
-8.91744	-27.1349
-8.54747	-26.9622
-7.07215	-25.4371
-4.82983	-21.238
-8.00419	-9.62555
-5.48802	-12.7335
-2.04426	-4.54908
-9.34193	-5.04806
-10.7366	-12.5977
-6.12195	-5.48519
-4.2882	-8.54795
-0.428385	-11.0027
0.498001	-18.0484
4.43428	-23.7675
5.21236	-23.1994
5.27385	-21.7142
5.74673	-20.239
-0.224833	-18.8385
-5.21992	-20.3213
-6.5402	-19.3999
-5.1211	-20.5683
-2.75735	-20.8712
0.43654	-20.0075
-1.74175	-16.1015
-4.43436	-8.29499
-0.687263	-2.99282
-7.44695	-5.48467
1.69898	-6.14034
4.93706	-16.4304
-2.93571	-17.8744
1.18389	-10.2356
2.08129	-19.9254
3.25645	-23.4177
-3.77206	-9.5659
-6.75371	-16.3609
-11.8112	-18.0208
-8.32704	-14.4537
0.626769	-26.0056
1.66953	-23.3667
0.828309	-25.0316
0.366609	-24.7439
-1.70595	-26.5585
-3.91968	-27.6576
-2.72373	-29.3686
-3.97817	-24.9
-3.15109	-22.012
-4.08003	-19.696
-4.63811	-15.8422
-4.92336	-17.0133
-3.30544	-19.3
-2.04956	-20.2515
-1.98918	-23.5369
-3.37965	-26.7588
-5.47714	-22.9621
-5.11968	-16.0813
-0.420551	-14.375
3.79166	-17.1677
3.72554	-18.5108
1.85922	-17.9572
3.03518	-17.5484
3.37145	-19.5828
4.23736	-17.538
3.44612	-19.8047
2.34502	-14.1251
4.63865	-14.7472
8.44773	-10.9817
10.4307	-7.42749
9.27554	-8.90373
9.60619	-5.389
8.39688	-6.36119
8.33593	-10.0655
6.10468	-11.0273
0.457741	-6.03391
-0.0752634	-3.64637
-2.66094	-12.8305
-4.63139	-11.0876
1.79076	-9.26835
4.03541	-9.84885
1.36311	-9.72072
0.117195	-20.8467
5.08899	-18.778
-0.751544	-13.7416
-1.69087	-12.579
1.52239	-9.82315
-2.98811	-13.2292
-1.28891	-9.6574
1.72597	-6.8125
-1.93231	-12.8943
1.44843	-6.04695
-0.290817	-11.5905
1.55302	-12.5962
-5.22944	-6.32588
-2.58722	-10.0374
-3.86746	-13.6813
-3.35099	-14.0931
-0.767556	-14.5281
-3.32135	-16.0571
-3.55919	-13.5083
-2.56535	-19.3014
-1.37576	-8.77987
-4.99977	-13.5317
-0.943597	-12.2103
0.412229	-16.9472
-5.21397	-14.8407
-5.66482	-20.5047
-3.66546	-16.4672
-1.64257	-15.9375
-4.81591	-13.4467
-3.79544	-12.5122
-4.79247	-21.4242
-7.34079	-15.5126
-7.7478	-15.2865
-2.30681	-14.1498
-3.22404	-15.2888
-2.4976	-15.0513
-4.3481	-9.84452
1.23061	-8.8243
-2.4005	-9.7549
-2.6704	-10.4134
-3.58975	-9.93958
-0.485706	-5.66999
-1.23685	-4.60401
-0.0657614	-8.40055
2.46193	-10.348
-0.481836	-1.68194
-1.20779	-1.42893
-0.810597	5.47465
-0.718864	-4.68682
-1.76761	-7.58322
-2.27773	-10.8904
2.24818	-4.37173
2.33016	-9.07182
-0.132771	-5.26194
0.509576	1.84096
-0.523132	-6.33886
-4.41772	-10.3116
-2.80658	-6.33225
5.94003	-8.36713
-3.80042	-10.4981
-2.31872	-11.5771
-0.704749	-14.3707
-4.39091	-15.8106
-5.10813	-16.2696
-6.5857	-14.0391
-7.0806	-15.1759
-6.69094	-19.0443
-2.14419	-15.824
-1.4225	-7.13428
3.13512	-13.3571
-2.0563	-17.8729
-4.69616	-16.2734
-4.3679	-12.4189
-0.907476	-8.94266
0.654104	-9.44041
4.66528	-6.42005
-0.349637	-8.9332
1.97597	-8.55232
0.107054	-11.6098
0.206548	-14.4093
-2.56888	-15.4855
-9.05488	-14.4414
-16.7433	-14.9458
-18.1615	-11.6489
-21.6406	-10.5849
-18.7093	-9.48675
-14.2201	-12.1358
-9.13682	-12.6012
4.50508	-13.2755
6.42264	-7.17879
-6.63189	-11.8357
-4.2683	-4.15337
-9.52951	-5.50034
-13.5419	-7.6225
-13.6496	-3.16305
-14.4291	-7.48372
-11.3695	-13.4984
-8.80548	-7.90404
-6.89553	-11.6237
-13.1482	-17.3031
-8.00698	-17.162
-4.22847	-10.4499
-2.09902	-14.7557
-12.2359	-28.8052
-10.4522	-27.0688
-11.3155	-25.918
-16.3378	-31.2563
-11.7732	-30.8185
-13.1389	-29.783
-11.3166	-27.4076
-8.36071	-26.031
-12.0763	-27.9224
-10.3911	-26.9391
-12.4255	-22.843
-10.6293	-19.1103
-9.31463	-13.5781
-5.66699	-9.66778
-6.77841	-7.91022
-10.5774	-12.4072
-14.0139	-8.80625
-7.98455	-9.31456
-5.77742	-0.381106
-5.51676	-8.99469
-6.17177	-9.89241
-1.14333	-4.67996
-1.78232	-7.88473
-1.01155	-5.61852
-4.3912	-5.0251
-7.83121	-6.52694
-4.77206	1.42746
-0.986741	-8.20661
-7.72246	-18.0016
-8.53892	-19.783
-13.8969	-3.53238
-11.9023	-8.8303
-17.7893	-3.25359
-19.4991	-5.1314
-18.1564	-13.3172
-13.6424	-17.6068
-10.8572	-18.5575
-4.8821	-17.0319
-1.50219	-15.3449
-0.352532	-16.4757
1.69443	-14.631
1.6193	-17.5688
-0.156168	-16.5094
4.58105	-14.8201
-3.96042	-7.31257
-5.74883	-6.86901
-2.74637	-1.38754
-7.45913	-8.80297
-8.73461	-5.04872
-11.9762	-13.8402
-14.8062	-6.02462
-6.85186	-8.88451
-3.19339	-13.5157
2.88924	-24.4661
6.48238	-33.8944
4.5262	-35.929
-0.299467	-33.0195
0.0439604	-31.2821
-1.03553	-27.041
-6.72903	-28.9827
-8.66087	-30.4444
-8.5716	-28.2348
-9.85237	-26.536
-9.90367	-26.5852
-9.58462	-26.3688
-11.0221	-23.9727
-11.0463	-24.7942
-11.1597	-25.0365
-12.3026	-23.8451
-11.2522	-25.1484
-9.95052	-26.0369
-6.62551	-26.919
-1.68301	-17.3028
-3.75581	-14.2895
-9.88835	-12.9262
-8.62058	-13.2189
-8.51064	-21.6449
-0.91026	-13.5051
-3.20234	-12.8314
-10.2992	-13.8871
-10.4384	-13.4746
-2.20598	-14.8421
-5.57029	-22.6338
-1.22949	-18.0517
-3.45622	-12.0635
-7.73555	-16.8307
-3.87731	-16.1487
-2.66075	-9.19139
-4.83009	-7.90694
-3.83237	-12.8968
-5.33999	-22.4835
0.439692	-18.23
-8.13808	-13.8965
-2.42913	-8.85103
-3.97279	-6.55852
-3.15012	-7.94126
-2.89426	-10.5523
-6.15651	-11.3186
-4.35269	-13.9866
-7.12848	-9.08102
-5.61395	-8.60537
-4.79302	-8.36712
-22.7685	-13.9829
-8.27866	-23.8798
-14.2836	-24.4836
-14.9162	-16.4133
-14.5381	-14.5993
-11.0291	-14.2824
-2.13665	-14.0516
5.49451	-18.6331
4.76517	-22.2615
3.18481	-24.6258
5.10788	-26.7232
-1.53312	-12.375
-5.85102	-12.3331
-5.35447	-12.843
-4.0489	-14.7715
-5.68934	-16.5449
-7.5687	-18.5196
-8.98755	-20.3856
-13.2754	-18.7335
-13.2173	-18.3016
-2.6446	-19.8822
1.22617	-22.219
-0.7723	-23.4988
0.480407	-21.9439
0.928064	-23.0241
-1.40151	-23.3729
0.435792	-24.9911
-1.46216	-23.655
-0.0501608	-24.4796
1.20514	-26.5023
-0.932458	-24.1068
-0.95748	-20.6337
-1.1309	-21.4366
-1.42052	-21.51
-2.07819	-18.3355
-2.97135	-21.2459
0.765445	-20.0967
3.64962	-21.5582
4.19603	-21.0984
-0.598202	-20.8821
-8.21513	-25.0763
-10.9974	-24.1972
-14.6383	-21.2813
-13.1904	-22.5587
-14.0389	-22.2949
-16.9507	-25.7201
-16.9576	-25.1512
-17.219	-20.5665
-14.8003	-26.9849
-14.7062	-28.3458
-14.9566	-27.951
-14.8826	-28.5411
-14.8519	-28.2766
-17.8365	-25.1117
-11.8809	-21.5263
-10.1171	-13.1001
-4.14714	-15.1698
-8.58551	-18.4063
-7.35394	-14.8343
-7.07459	-10.5604
-6.77863	-14.2125
-4.54679	-6.72031
-9.1317	-8.8025
-3.8968	-8.06403
1.0814	-10.5218
-3.15233	-4.61531
7.53373	10.3854
1.12523	-4.93083
-8.42067	-0.0583024
-8.84114	-3.74962
-6.39008	-6.02885
-10.5101	-7.42077
-5.42244	-3.24861
-9.37647	1.63177
-14.8828	-0.166659
-14.6341	5.98564
-22.376	-2.20835
-21.3355	-3.28055
-13.8223	7.55468
-12.0154	-2.59929
-7.77006	-5.02617
-17.3094	-15.683
-15.636	-19.0255
-7.00323	-18.2058
0.864716	-16.2322
0.656192	-14.8497
-0.197787	-11.3833
0.0144905	-8.47656
0.544244	-11.1591
1.20931	-10.2828
1.16753	-8.89984
-0.169372	-8.2252
-4.51875	-15.8062
-7.56913	-17.9067
-7.08355	-16.9496
-7.91781	-15.4199
-9.08401	-8.73595
-8.98581	-5.83605
-2.10066	-11.5357
-0.69582	-12.6989
0.928762	-12.9585
2.46522	-15.5758
1.43359	-13.7532
2.92066	-15.4902
4.7554	-20.3194
4.21039	-23.079
2.85003	-21.8602
5.5816	-25.2022
4.75646	-24.8932
4.92948	-23.4031
5.7551	-23.1722
3.78433	-18.988
-2.06757	-10.8846
-6.44159	-4.25552
-7.00918	-2.67332
-9.15857	-0.766251
-8.49254	-0.455516
-10.8581	1.26439
-12.0174	0.860986
-12.1523	0.530198
-13.6865	-0.0555418
-16.7539	3.08798
-21.4355	-0.283571
-22.015	-5.68827
-18.9219	-8.1652
-18.3422	-11.3338
-21.1522	-12.2463
-19.0416	-18.0461
-14.8745	-22.5748
-16.386	-21.5335
-15.9812	-21.6665
-15.1963	-19.6305
-13.1839	-16.4368
-8.97726	-17.8966
-10.6446	-7.3502
-8.59277	-7.43789
-3.33766	-1.30621
-4.51922	-20.9481
-6.61383	-20.943
-6.96688	-8.90431
-10.4257	-5.56614
-8.67614	-13.5764
-4.43676	-5.95555
-4.81055	-5.04188
-2.69294	-6.81473
0.530334	-6.76368
-4.85416	-8.77078
-3.71748	-9.00807
0.340962	-5.99767
-2.58606	-9.71401
-1.39685	-3.62332
-2.0168	-2.71508
-2.29592	-14.3401
1.58256	-2.12586
-3.40495	-1.84104
-9.89676	-8.5317
-8.53188	-2.32056
-8.37353	-2.16137
-6.05274	-1.01901
-5.17345	1.45699
-5.71405	-2.17485
-5.07818	-4.45263
-4.10635	-1.96119
0.335609	1.10994
-5.11892	-4.11383
-0.0189122	-1.22628
-3.95044	-3.67289
-0.21925	-6.57815
-1.32815	-15.0496
-1.88977	-15.4171
-5.52461	-8.3821
-2.99575	-7.5888
-2.91501	-9.93956
-7.15666	-6.93356
-2.01834	-15.9515
-0.933675	-14.7616
-3.71833	-14.0441
-6.60787	-13.3852
-6.94623	-12.2346
-8.60243	-14.474
-3.43163	-15.5753
-4.02087	-12.8593
-8.81253	-14.5162
-8.9734	-6.75796
-8.73712	-14.2314
-4.16782	-8.2873
-2.94593	-13.3893
-8.36315	-17.2763
-5.61741	-18.6374
-4.7491	-11.4141
-12.3399	-22.8481
-6.39937	-16.0711
-6.55678	-16.222
-9.27828	-17.0663
-12.5645	-19.7639
-6.65394	-14.2143
-6.6571	-12.3263
-7.27835	-12.8962
-7.17818	-9.25431
-4.11066	-12.8119
-7.71487	-10.6482
-6.97126	-8.12926
-7.61252	-14.4962
-6.77893	-16.9087
-8.24778	-14.1843
-0.837247	-8.2305
-2.87516	-6.10988
-12.0197	-11.2707
-2.423	-14.2677
-4.61857	-11.1638
-9.18014	-11.8108
-3.9141	-7.68901
0.114087	-3.51632
-10.2762	-7.22036
-9.9886	-11.8047
-9.2122	-4.28988
-9.69768	-5.19244
-5.33351	-3.83988
-5.07033	-6.80894
-6.06362	-12.9975
-6.08237	-15.8785
-3.94208	-10.3912
4.69349	-10.6937
-1.82413	-28.0782
-10.295	-31.1071
-9.96371	-30.7575
-11.0223	-29.9696
-12.7636	-28.7592
-14.0744	-29.2021
-13.3704	-27.175
-12.1451	-25.7343
-9.34153	-24.9857
-8.44527	-21.179
-7.4709	-18.2259
-6.47431	-13.9328
-3.67932	-10.4914
3.3113	-12.7738
5.06248	-18.8913
5.18807	-19.6254
5.62657	-21.2739
4.18734	-22.3967
2.00476	-22.6584
0.785113	-21.0866
-1.90639	-11.3019
0.0416807	-19.0539
0.692779	-17.4545
-4.0445	-14.1588
-3.37022	-15.3597
-2.01125	-14.3789
-8.70009	-8.37116
-12.0051	-9.80543
-12.9894	-9.61643
-10.891	-15.922
-9.59902	-24.1377
-13.4575	-31.6331
-14.4618	-31.2788
-15.9636	-32.6595
-14.4683	-32.0381
-15.733	-33.2299
-16.2438	-34.2949
-14.3661	-36.1061
-13.239	-35.2456
-10.2944	-37.4716
-3.18121	-34.3544
-0.595921	-24.1354
1.10416	-20.3292
-4.05145	-14.5098
0.322852	-12.6209
1.90548	-17.7123
-7.06041	-25.675
-10.9241	-23.0246
-12.4134	-19.4247
-14.7086	-19.9976
-18.3028	-20.1311
-18.2823	-18.7365
-17.3403	-15.9453
-17.4168	-18.8042
-16.1125	-20.9043
-13.1346	-23.4015
-11.4012	-30.2843
-8.71223	-30.3032
-11.8104	-28.1917
-10.4806	-19.1121
-6.83114	-15.7322
-8.32136	-13.1306
-6.33785	-7.10966
-13.3174	-3.72853
-15.6436	-0.820329
-17.4486	-1.4025
-19.5696	-9.67001
-7.36385	-11.0828
-3.26281	-25.2121
-5.09718	-23.6446
-6.07339	-21.4199
-9.40591	-16.3327
-14.5166	-13.1209
-19.7381	-10.5558
-17.3188	-8.24462
-19.3665	-7.73726
-18.901	-8.51175
-15.745	-6.09374
-17.9319	-5.24163
-14.5208	-11.2332
-12.5989	-16.3608
-11.8264	-14.6825
-9.22293	-15.8329
-7.17739	-14.697
-6.65386	-17.6173
-5.10134	-18.5782
-8.16811	-19.0947
-7.36827	-23.2603
-6.08363	-26.1274
-0.577896	-26.3726
0.547756	-17.492
0.868797	-27.832
-1.75758	-30.8136
-6.22667	-33.02
-8.57891	-29.9954
-9.68229	-28.9351
-9.83547	-29.3444
-10.7662	-27.2927
-10.3779	-27.1363
-9.99948	-26.2699
-10.1216	-28.485
-9.34765	-28.743
-7.1948	-29.8131
-7.68891	-29.1916
-9.79038	-23.6468
-9.38909	-25.6711
-6.71513	-21.5124
-2.957	-19.3834
-1.76749	-20.0271
4.10094	-14.5127
1.86397	-13.2312
7.12639	-12.7175
5.35596	-12.3576
-0.68715	-14.6752
-1.73808	-12.9076
0.337532	-18.1248
-3.00217	-9.79405
-2.6297	-8.62359
-0.0905135	-9.62272
-0.918966	-5.69229
3.53944	-5.56974
-1.68983	-11.2956
-5.13057	-2.32293
-2.30591	-5.59934
0.414866	-7.45075
-3.9668	-8.08617
-6.92153	-15.0497
-6.54696	-15.7491
-4.69519	-16.0713
-0.719288	-17.025
-1.23907	-12.0542
0.432491	-6.40682
-0.919433	-7.17427
3.94543	-4.68403
3.63694	-4.83234
-2.02409	-10.8264
0.49849	-6.8967
-4.35631	-7.5328
0.911014	-12.8846
2.10064	-18.5237
0.757609	-16.2295
5.67503	-18.8556
-1.37077	-27.7769
-7.58048	-31.872
-7.60503	-33.2287
-6.86045	-33.2151
-2.86571	-31.2198
-0.828372	-28.4692
-3.22086	-15.6877
-2.51324	-24.7523
-0.0755943	-27.068
-0.824631	-14.3576
5.45894	-13.8852
3.07223	-11.7222
6.86388	-15.4678
5.89634	-12.1795
3.90858	-8.77986
3.14386	-12.6604
-1.82672	-13.3408
-6.5713	-7.82856
-6.75563	-3.29891
-5.65457	-0.430385
-4.37282	2.81614
-5.27647	3.12306
-3.42964	2.17837
-4.10046	1.72166
-2.04698	0.02464
-2.16595	1.08808
1.41799	-2.0988
0.555399	-0.121294
6.64787	1.66058
5.14917	0.0882209
0.300643	-4.99357
-4.56694	-8.14544
-1.11045	-5.6848
-7.01248	-5.65534
-5.66994	-5.19073
-9.10273	-0.511211
-10.1275	-10.4346
-4.99084	-6.39902
-6.99886	-1.28897
-6.99207	-3.38945
-10.5241	-0.927088
-5.45568	-5.96707
-5.65828	-4.28112
-3.17768	-0.765984
-1.19165	-1.42592
-0.184811	-4.79827
-6.74883	-11.4806
-6.81704	-4.33294
-7.07831	-10.7078
-0.710675	-4.47776
-0.628637	-8.5797
2.11215	-6.17269
-0.322415	-3.961
0.158211	-11.6346
-3.3064	-12.0969
5.00608	-7.36082
4.57082	-21.9003
4.64445	-16.0279
1.78872	-13.4702
-2.0971	-4.47267
-1.40443	-8.08031
-1.51149	-9.79644
-8.17149	-13.2101
-9.24954	-24.7307
-10.179	-25.3637
-8.01003	-25.4184
-9.57328	-27.2905
-12.8712	-26.5916
-12.8564	-29.5278
-8.46099	-24.7269
-2.7211	-16.4402
-2.31322	-20.0034
-7.57531	-20.8362
-5.16684	-19.6873
-7.14055	-19.1958
-6.51855	-20.8969
-7.99562	-13.3778
-10.8906	-14.4215
-5.0198	-11.7206
-11.5141	-15.9816
-8.90187	-20.6967
-5.87288	-20.6738
-10.387	-24.5546
-7.34075	-14.5558
-5.95822	-11.507
-7.89832	-15.0472
-6.43529	-11.1928
-5.45856	-10.6575
-2.67525	-10.2842
-5.06448	-21.7482
-6.84613	-30.7594
-10.7896	-33.8599
-6.49914	-30.9144
-4.43289	-29.8832
-0.719076	-27.1486
-4.88378	-27.2211
-9.59605	-30.0075
-10.1842	-29.8033
-13.05	-32.3309
-10.5113	-30.0819
-8.89863	-29.2556
-7.85959	-29.8392
-6.95654	-25.2401
-8.47921	-22.2636
-10.9048	-16.3989
-13.6378	-18.8391
-14.9595	-15.6366
-12.6182	-13.1461
-10.5335	-15.6639
-7.57832	-21.6163
-0.142742	-29.6097
6.1672	-25.7386
2.56177	-23.8226
-0.719682	-31.575
-3.96385	-32.0622
-8.67186	-29.8086
-7.44913	-25.5583
-7.21287	-25.2671
-4.77357	-26.1797
-7.1726	-30.526
-0.0777641	-31.0651
3.73263	-22.0586
-3.09243	-19.0374
0.0997801	-14.1591
-0.465874	-13.9342
-0.816925	-11.6958
1.27732	-14.4965
-1.05245	-17.3102
-6.59471	-31.7125
-7.02043	-24.2389
-8.20523	-20.5612
-7.37569	-21.256
-6.47962	-21.2753
-7.87663	-22.4995
-6.85571	-20.8965
-4.40161	-19.2799
0.950067	-13.107
2.31563	-11.1842
3.41816	-14.4353
3.74445	-16.8427
1.7421	-16.2391
-0.960973	-14.6256
-8.14455	-15.7456
-10.9495	-17.0963
-13.6186	-18.5617
-14.4662	-18.1313
-12.5933	-20.3609
-14.0195	-22.6798
-16.5492	-24.7829
-16.0502	-28.2896
-13.5785	-28.1663
-9.6447	-19.4462
-2.42659	-10.1893
1.98424	-7.24581
-5.18789	-12.5357
-4.49393	-10.3638
-6.68048	-7.88086
-10.0614	-17.2522
-10.7998	-13.4855
-7.59477	-13.3544
-5.81222	-16.1579
-4.83395	-9.04766
-12.7632	-13.0848
-11.9231	-11.2435
-8.84556	-11.6063
-7.32507	-13.6507
-7.48494	-14.0649
-7.29882	-15.4551
-7.05976	-14.2989
-7.30594	-17.0083
-9.32016	-19.561
-9.86035	-23.1506
-8.77615	-26.7682
-8.654	-25.2786
-9.73457	-26.4414
-13.5991	-24.1461
-11.9884	-23.761
-12.3955	-24.3195
-13.1217	-25.1244
-12.9561	-24.202
-11.8582	-26.2188
-11.8194	-27.8308
-12.9273	-27.377
-13.1244	-25.8684
-14.7247	-26.2119
-13.7245	-28.0013
-12.9537	-28.6721
-10.4958	-29.5297
-9.33792	-29.2341
-8.78014	-24.7794
-9.55824	-24.8855
-10.3359	-24.0529
-10.8784	-24.646
-7.60618	-27.2248
-5.95011	-25.9445
-2.9467	-25.5005
1.05477	-26.0868
0.437903	-24.9981
-1.19311	-22.6585
-2.11307	-24.1913
-1.45297	-29.783
-2.16442	-28.8711
-4.90219	-30.6563
-7.16902	-29.7119
-7.86507	-30.0347
-8.92198	-29.359
-1.55336	-29.364
-6.20235	-31.0018
-3.37211	-31.8454
-3.10873	-26.9107
-4.39547	-19.3927
-6.99819	-16.8445
-11.1033	-11.7411
-14.9159	-10.449
-16.9163	-11.2915
-17.8754	-11.2473
-15.8435	-12.6726
-13.2478	-13.4693
2.33366	-15.3791
-6.3469	-11.5422
-3.30026	-11.6871
-1.7324	-7.45456
-1.55736	-7.89535
0.392	-7.35293
3.30012	-4.75984
-1.07678	-5.69589
3.76158	-9.75008
-1.59464	-4.55175
0.665043	-8.33604
-0.4262	-8.33595
0.0332278	-8.27165
-5.73328	-8.45418
-1.33355	-16.0562
-2.91693	-9.40722
-0.793161	-9.86926
1.31576	-8.94807
-2.45094	-3.90953
-3.73561	-8.78933
-2.19845	-11.6928
0.762454	-5.67105
-2.70119	-6.58968
-1.54595	-7.61964
0.995902	-8.04335
-1.71643	-4.99119
-1.78009	-6.70285
-2.34916	-9.91328
-0.50558	-8.03325
-6.25944	-9.36803
-1.55279	-5.0252
0.836317	-4.75849
-1.37622	-6.6155
-1.69045	-13.6845
0.684734	-13.166
5.85299	-15.2756
7.974	-16.3223
6.49456	-25.2476
4.03038	-24.7683
5.50988	-24.8655
6.517	-25.5908
5.24263	-24.0473
-3.49481	-12.8809
-7.69434	-11.8589
-7.2134	-12.4052
-8.53276	-9.88375
-11.5677	-8.32019
-10.5395	-8.54267
-1.53894	-10.3803
-2.55964	-10.2644
-9.33218	-7.57823
-6.36503	-3.10035
-1.29836	-4.39298
-7.00969	-0.337271
-4.82842	1.44061
0.781009	-0.228219
-6.61087	-15.2663
-7.03306	-13.0373
-7.8105	-11.798
-7.77646	-11.5271
-7.98358	-11.2813
-7.20948	-12.6417
5.21742	-19.3696
7.76431	-19.9944
8.67583	-20.6586
4.4083	-21.0881
5.86281	-22.3444
7.01991	-22.9844
2.93894	-20.4119
3.10696	-16.7021
0.727469	-15.7555
0.0801044	-27.8899
-4.80011	-33.8768
-9.04589	-30.6273
-10.6045	-26.3175
-10.5072	-23.1109
-11.3785	-23.2015
-13.4866	-24.7963
-11.4812	-25.6289
-12.51	-28.0251
-11.4832	-30.5827
-10.1635	-30.0294
-6.66704	-30.6289
-8.77864	-27.2513
-4.84069	-29.6002
2.00365	-22.2394
-1.29576	-18.9862
-1.9951	-13.7883
-5.65518	-6.95898
1.24009	-8.32112
-2.38158	-4.91753
2.0717	-4.30748
5.99547	-19.4906
8.84271	-20.0831
9.01162	-17.397
9.19183	-15.914
9.02113	-14.7744
9.7854	-13.6886
9.81251	-12.2727
9.29158	-12.9017
10.2301	-13.3758
-1.62988	-10.5287
-2.96623	-3.30358
-4.18963	2.26095
-1.82794	0.585706
-1.2909	0.479669
0.199572	-2.47149
2.27527	-4.8994
1.37439	-7.16588
0.743207	-10.9676
-1.16627	-14.4587
-7.4679	-15.1131
-8.73966	-18.1294
-11.6121	-19.907
-12.5907	-20.8712
-11.3134	-17.7107
-14.7581	-16.9503
-8.57177	-19.9911
-9.64268	-16.3116
-11.5059	-17.4172
-8.12414	-16.684
-6.55467	-18.7732
-9.50031	-14.3763
-5.24032	-17.4275
-3.49983	-17.5536
-6.659	-24.2789
-4.37399	-23.1486
-5.27111	-21.4654
-6.27849	-15.449
-8.13231	-26.9762
-7.02323	-24.4372
-9.48905	-31.6105
-6.92095	-29.5508
-2.65868	-26.6781
-3.12654	-30.9468
7.10295	-24.9246
1.40369	-12.8016
-0.712391	-10.2681
-0.961184	-10.9497
-3.74368	-7.2742
-4.14056	-9.85022
-2.88391	-3.11025
-0.272349	-2.39384
-1.13602	-1.59362
-6.8181	-12.5365
-8.58129	-11.5356
-11.5629	-18.0999
-5.37639	-23.1743
-5.00104	-23.8313
-4.73611	-23.8916
-3.87968	-20.6723
-4.31746	-17.7753
2.32645	-23.7987
7.18346	-23.4756
1.1635	-18.5245
1.49497	-21.6193
4.00439	-22.067
1.93793	-17.9013
1.75099	-19.7845
0.997097	-19.3535
1.10581	-21.0181
0.712067	-19.1605
-4.15693	-19.1158
-8.96096	-20.7565
-12.7641	-19.3674
-11.9257	-17.7001
-10.8912	-18.9286
-5.99803	-19.2741
3.55162	-22.0179
3.97549	-26.4877
-2.1292	-18.7104
-3.00285	-13.7723
-1.14362	-27.0555
-3.27629	-25.5643
-6.64375	-25.6337
-8.53568	-24.5704
-10.7753	-20.5252
-8.54568	-23.0457
-7.56379	-22.8246
-5.84773	-20.8089
-3.42745	-16.7866
-4.55181	-14.5941
-5.93772	-8.10342
-8.60827	-4.79103
-7.11733	-3.14588
-6.53656	-5.22228
-3.65711	1.47647
-1.66565	7.85914
-3.50482	6.69001
-8.41514	-0.376254
-8.11009	-1.68405
-1.10109	-4.50451
-4.26498	-8.60451
-4.72894	-4.21669
-4.07408	-6.68478
-2.43904	-9.36147
-4.77518	-10.8941
-3.71556	-0.531215
-2.82164	-5.91987
-4.76988	-9.35703
-3.58648	-4.35784
-0.0230015	-1.42717
-3.96067	-11.4776
-1.84351	-9.97655
0.113561	-13.0792
-0.466022	-11.2244
2.69907	-9.94383
2.32509	-13.6028
2.05262	-12.3966
2.31212	-8.23549
-0.420161	-16.2258
3.74593	-10.4
4.69879	-15.9966
0.091835	-14.736
-0.35979	-17.4177
0.75521	-11.997
0.798955	-19.1558
-2.41223	-15.6969
-3.66555	-12.7809
1.48119	-15.512
-0.153261	-15.5847
-3.88909	-10.0633
-3.65525	-14.2917
-4.51915	-10.5665
0.0340083	-12.1531
2.39584	-11.98
0.300411	-4.71365
1.77805	-2.36183
0.641625	-4.18406
2.47189	-4.31665
1.88687	-6.27503
-0.307328	-7.35073
-1.5757	-9.32876
0.0384209	-5.36679
-0.696133	0.838329
0.431029	1.38263
-5.95809	-7.56942
3.06355	0.0173116
-0.448016	-4.58447
-0.000784026	-7.01684
3.32203	-4.99039
5.56602	-10.7652
2.10037	-10.5473
-0.299205	-8.54305
-1.25158	-7.44475
-4.77151	-7.46907
-2.34425	-11.0074
-0.539237	-21.3175
2.39833	-19.0816
6.59205	-19.2985
2.97897	-18.0168
2.66966	-19.0386
2.84443	-19.8031
-3.29098	-14.3272
-6.45049	-9.43202
-6.96322	-8.68371
-3.64046	-12.6155
-1.99232	-16.2577
1.78809	-15.2211
-0.810543	-16.6063
-4.70668	-15.2486
-4.43876	-17.5143
-4.6284	-15.1826
-6.39155	-16.5047
-3.47379	-16.252
-6.06605	-13.8724
-4.50187	-18.1719
-2.00356	-12.7612
-17.1946	-14.179
-23.9476	-8.52483
-22.4727	-6.51095
-22.5768	-6.90003
-21.5939	-4.17019
-22.1609	-3.4849
-20.7772	-4.26815
-13.9829	-10.0263
-7.22944	-16.1047
-9.05985	-15.9783
-6.58579	-15.0212
-7.79821	-17.8297
-7.47411	-19.6818
-6.87061	-20.6583
-3.98576	-23.0682
-3.65503	-17.5345
0.746654	-12.9946
-5.45335	-25.8622
-5.53012	-33.8722
0.58845	-31.5793
0.709767	-20.4475
-3.67507	-11.1043
-8.9984	-26.2191
-9.09091	-26.2337
-7.24402	-21.7507
-7.57954	-17.1825
-7.03411	-16.0815
-7.15584	-14.1441
-1.31344	-9.80874
-0.292476	-5.85583
2.00232	-5.27857
-5.55704	-6.60925
-4.30288	-12.4989
-13.2832	-12.2519
-10.548	-11.0408
-8.13232	-10.2514
-9.89675	-14.8458
-8.27468	-13.642
-7.61486	-13.0591
-7.36363	-13.6141
-7.46358	-16.2115
-9.3624	-18.4994
-10.3489	-22.3694
-6.5355	-17.5058
-4.52022	-11.7282
-3.98817	-9.23299
-3.68778	-10.3871
-1.16892	-11.5713
1.85934	-11.4308
1.07373	-10.9069
1.32631	-11.3551
2.38316	-12.6848
-0.151805	-4.56356
0.385326	-14.4407
3.03316	-11.3336
-0.528271	-5.13988
-9.87447	-19.484
-7.75387	-24.2178
-7.40866	-22.1666
-4.96162	-16.274
-3.11246	-11.7615
-2.68277	-11.8142
-2.61557	-13.1655
-2.44581	-11.0415
-4.51899	-13.0501
-7.43323	-12.3102
-9.01298	-16.3036
-7.49006	-14.5523
-1.7356	-18.7979
-5.11352	-19.2665
-2.54628	-18.2018
-3.83942	-15.1436
-2.11118	-17.9069
-1.42216	-19.3042
-0.91263	-19.0014
0.322428	-21.4014
-1.98198	-20.1919
-0.991475	-21.8676
1.88703	-24.3885
2.43521	-18.8069
5.36592	-16.5864
5.62242	-15.9842
4.38959	-11.0667
0.415393	-7.58846
3.22348	-11.5363
1.14179	-11.3422
-2.81418	-0.561154
-5.17463	-5.15299
-8.73301	-9.16563
-7.71148	-6.21543
-11.0491	-7.12016
-6.23717	-6.96108
-10.4745	-11.7215
-13.396	-6.38989
-8.38166	-11.2766
-11.1214	-13.3398
-9.8528	-10.7669
-7.94407	-16.5867
-8.21423	-11.0271
-11.311	-11.4499
-9.80927	-7.43317
-9.86988	-11.4664
-7.0941	-9.53424
-5.31374	-15.4376
-6.04845	-9.50448
-8.12488	-3.95593
-7.24154	-14.0536
-2.15388	-7.58419
-3.40411	-3.79033
-0.947085	-4.25465
-2.7011	-7.73682
-1.24706	-7.19178
0.348283	-3.20058
-1.24752	-9.68389
0.704037	-0.463709
-1.18518	-3.77838
0.781698	-8.46429
0.0235955	-7.63917
-3.21986	-2.33816
-5.91299	-2.95406
-5.01131	-7.39338
-4.66255	-7.52567
-3.22514	-5.70154
-2.80144	-4.73254
-3.0067	-3.0541
-2.9264	-2.03709
-4.66705	-2.09178
-4.83453	-2.25874
-2.01482	-1.06397
-2.82353	-5.32549
-1.00448	-4.26603
-5.73282	-6.36052
-4.92159	-4.77331
-3.88068	-9.85364
-4.09885	-8.42104
-2.00387	-6.94308
-3.37019	-9.29735
-1.90287	-5.94707
-0.861171	-1.51793
-1.03398	-6.01335
-4.72676	-9.87792
-4.90078	-7.53897
-6.72329	-6.46877
-4.99547	-10.3065
1.76749	-12.3538
-1.32339	-12.3986
0.0623426	-18.4435
2.39854	-14.6407
3.76593	-12.0072
-2.30496	-12.7557
-0.836636	-8.44005
1.642	-1.80482
-4.63899	-4.33722
-5.16541	-2.32638
0.490806	-3.97704
0.578794	-11.0386
-4.67286	-15.6947
-3.95705	-14.8979
-4.35077	-22.338
-5.35301	-16.2729
-3.3063	-17.8753
-2.91763	-13.7849
0.134701	-9.54611
-1.981	-7.78628
-2.34962	-4.9635
-1.50412	-1.11178
3.29147	-0.722981
8.16086	-2.49657
-1.44284	-3.70983
-11.1973	-10.3159
-3.84863	-8.1543
-5.40369	-10.3095
-2.13091	-18.7169
-5.46693	-26.5655
-6.4147	-35.5206
-6.89816	-35.6827
-9.87584	-33.3962
-12.2561	-25.7658
-16.0337	-22.8107
-13.0702	-18.9699
-12.4674	-17.1117
-16.0682	-19.8117
-15.3809	-17.0999
-17.3675	-19.4547
-15.6515	-19.3841
-14.7869	-21.0813
-10.8627	-21.7414
-7.00463	-27.9047
-5.20373	-27.2258
-5.32842	-27.1524
-3.78642	-27.1332
-4.62996	-28.8436
-5.41894	-26.5854
-6.79997	-19.2045
-3.11106	-14.3665
-5.07797	-11.2408
-6.00745	-12.5566
-8.15861	-16.1865
-9.70482	-20.0943
-11.0679	-21.3921
-11.096	-22.6104
-10.9106	-24.8151
-12.1927	-26.9945
-9.5021	-28.4758
-4.92821	-26.9946
-5.31224	-18.0739
-1.96069	-17.6416
-1.11441	-17.4729
-10.3573	-9.4761
-12.2295	-12.7273
-8.77197	-10.2605
-7.07552	-13.8128
-10.5775	-8.47173
-5.98304	-13.7855
-5.68542	-7.05289
-8.96008	-15.9275
-10.5886	-22.2566
-9.87003	-23.2949
-9.85357	-23.2979
-9.43066	-22.3638
-9.58245	-21.6265
-8.84961	-22.085
-9.32119	-19.8817
-10.4168	-21.701
-9.21045	-28.8521
-11.6837	-31.8121
-13.7372	-30.2367
-13.8425	-29.4952
-12.9817	-28.9709
-15.3314	-29.4804
-13.8542	-28.7907
-15.5382	-28.9835
-14.056	-27.9764
-13.261	-30.0509
-10.4887	-30.8057
-7.97813	-28.4395
-2.83845	-26.5789
-9.38209	-20.7067
-9.3163	-18.4824
-8.33469	-14.4819
-7.2003	-11.0787
-1.7739	-12.7645
-1.7016	-7.16841
-3.20962	-7.90768
-7.05397	-5.77314
-4.50175	-12.7419
-1.74909	-16.3959
-3.92312	-15.4703
-8.57435	-23.2799
-7.00785	-20.9491
-7.68686	-20.5971
-10.7294	-23.1142
-11.392	-24.3061
-11.9541	-24.7549
-12.1222	-25.7669
-12.3149	-23.8635
-12.8849	-23.4312
-12.3878	-27.56
-13.2175	-30.018
-13.429	-28.0782
-10.9683	-33.2989
-14.3552	-33.3402
-13.9798	-31.37
-10.1678	-27.0927
-5.58073	-19.4583
-2.82391	-11.4969
-6.4201	-15.0144
-2.06608	-12.5635
-0.540485	-10.4841
-3.38938	-5.30688
-2.5008	-8.78746
-9.07715	-12.0663
-5.42589	-9.75826
-3.35483	-4.34381
-3.97855	-4.72691
-4.76666	0.65777
-3.58301	-5.61315
-1.09009	-5.41195
-13.4129	-11.5515
-3.02506	-16.9869
-1.47533	-19.5082
0.443978	-29.0913
-3.34509	-30.355
-4.61627	-26.2651
-5.80544	-26.4987
-6.48111	-26.32
-7.17648	-20.0387
-4.7477	-21.0515
-1.89971	-11.1871
-1.27956	-11.1055
-3.59632	-11.3204
-6.45162	-15.1995
-1.20886	-10.7725
1.10141	-3.73731
-7.73905	-10.6202
-4.7331	-7.00989
-11.483	-9.15729
-12.5259	-18.0994
6.12369	-19.736
1.46838	-26.0143
3.1006	-27.299
4.35514	-28.7444
4.03837	-27.2122
4.73055	-24.2613
1.82252	-28.476
5.86218	-25.1883
4.39968	-21.6037
3.64419	-20.205
0.11504	-20.1098
5.59929	-23.6356
-2.4462	-14.5353
-6.35974	-10.1616
-13.0298	-4.47335
-14.5713	-5.27535
-12.5085	-6.20379
-8.53709	-2.0947
-7.97273	-12.3431
-0.574537	-14.9227
-3.33087	-10.9755
-6.3689	-2.33478
-0.789625	-4.21925
3.35346	-2.03954
-3.09735	-1.9542
-8.85394	-14.6612
-11.0963	-22.6481
0.586301	-18.728
-3.93692	-24.0994
-5.38025	-25.725
-5.86724	-23.7382
-3.21977	-23.8155
1.36478	-26.2797
-3.88041	-17.9411
-6.56908	-23.1381
-5.19993	-23.2604
-6.51238	-22.4069
-5.38695	-22.8479
-7.16256	-24.2394
-7.252	-23.2865
-7.0904	-19.9461
-6.4015	-15.3374
-5.57667	-14.4991
-4.74149	-13.1678
-2.90385	-12.7866
-2.81919	-13.78
-0.886862	-14.3874
-2.14343	-14.8134
-2.50703	-13.9018
-2.32961	-14.9199
-5.57487	-17.135
-4.53739	-20.5343
-3.12366	-21.7198
2.59022	-12.1876
-2.34095	-12.0844
-3.97548	-13.1803
0.464962	-9.02807
-1.77096	-8.72975
-5.20352	-12.7427
-7.74892	-11.9474
-2.502	-13.6692
-6.10318	-14.3937
-0.80321	-13.3096
-2.76721	-8.57052
-4.14599	-13.6613
-7.66542	-7.86576
-11.3995	-12.3343
-3.65338	-16.048
1.4399	-6.47627
-0.972983	-7.18542
-5.53704	-12.5693
-5.05463	-6.1741
-4.04989	-8.02859
-3.01132	-7.98165
-7.80438	-8.27243
-0.453889	-2.71861
-2.64074	-5.83054
-1.85609	-6.13898
-0.0661057	-6.96039
-3.67148	-7.35348
-1.47492	-11.6405
0.326414	-9.855
-2.80422	-5.40224
-1.37022	-8.97363
-3.21041	-4.99677
1.60723	-6.1519
-2.24621	-4.44518
-3.33493	-0.132102
0.216813	-5.04863
-2.26604	-4.53352
-0.419519	-2.9695
-1.91967	-10.021
-1.21805	-9.75419
-2.4435	-12.9683
-3.36103	-17.4327
0.478014	-19.3892
-4.9004	-19.0296
-2.38338	-8.26922
-1.29662	-13.0061
0.847554	-11.821
4.66248	-13.778
-2.53345	-17.4476
-2.31843	-16.1063
-0.824793	-15.4963
-4.82418	-16.7846
-3.51309	-15.8095
-9.02826	-16.1165
-7.07277	-22.9142
-5.7994	-21.2302
-7.51357	-14.885
-8.12241	-17.1243
-5.84291	-16.5458
-6.45164	-14.2167
-9.34127	-17.036
-4.3702	-10.6963
-10.2188	-16.9174
-6.41831	-8.86434
-8.56071	-12.8895
-8.54854	-9.50348
-8.02761	-11.2775
-9.19697	-8.48473
-4.95268	-1.62155
-7.6576	-15.0951
-3.38703	-11.3132
-2.3175	-7.03192
-8.45257	-6.22916
-2.33536	-2.51594
-2.51491	-8.96605
-7.35651	-8.08334
-5.73381	-7.27355
-9.51717	-8.30115
-1.79392	-6.72028
-1.74289	-3.73342
-7.77739	-1.16328
-6.45412	0.54052
-10.3386	3.26075
-12.7881	-1.76198
-10.7269	1.23605
-4.27829	-13.8222
-3.63677	-22.6148
-0.295335	-18.7805
-3.98164	-31.3683
-6.07084	-31.3953
-6.31845	-29.081
-3.51589	-23.6253
-3.28976	-21.3994
-2.77181	-19.1659
-3.66812	-20.2558
-4.54398	-18.6819
-4.79987	-20.5932
-4.29539	-22.4896
-3.63151	-24.1263
1.3177	-22.9878
-1.22885	-23.8524
-2.36408	-25.386
-5.07792	-23.4029
-2.45614	-23.2236
0.911872	-25.6869
2.05638	-28.7273
5.14134	-30.1361
4.61858	-30.7223
6.22178	-33.1516
2.61188	-29.1826
-0.639572	-25.8872
-9.15722	-26.2411
-12.6035	-26.2036
-11.1466	-24.7181
-7.89465	-23.9578
-6.42019	-19.6709
-4.83548	-19.357
-4.50585	-16.5406
-2.74711	-15.7935
1.24403	-18.8994
-0.544502	-21.0131
-0.701803	-20.6344
-2.55655	-19.288
-4.25787	-18.3897
-6.38668	-21.8441
-5.71216	-22.3114
-5.68584	-22.632
-16.8355	-8.29151
-19.773	-16.2581
-20.1216	-11.9432
-15.8958	-14.3863
-11.3973	-17.5089
-10.371	-22.5557
-9.86534	-27.3764
-11.6873	-31.8157
-12.9703	-31.2628
-9.72026	-22.9172
-8.42996	-14.2166
0.881444	-19.4306
0.00891833	-13.5936
1.73784	-12.327
0.234913	-14.4488
-2.8417	-10.6649
-3.6391	-8.04955
-8.68679	-13.156
-16.1012	-14.3612
-9.26095	-24.0552
-10.2019	-19.2716
-11.2615	-18.2355
-8.86671	-14.4014
-7.81196	-12.9595
-4.84783	-13.4458
5.1473	-12.74
6.84412	-13.9132
7.65374	-15.9386
8.94933	-13.9741
5.73236	-12.6819
0.584766	-15.1938
-4.26041	-17.482
-4.26888	-17.647
-8.61593	-21.1147
-8.4832	-19.7212
-9.41522	-19.7107
-10.3217	-22.3637
-10.6606	-26.9852
-11.5722	-29.7432
-8.00773	-30.2152
0.0012576	-27.7523
0.547251	-22.2775
1.10277	-17.8435
1.57501	-20.4132
-0.618528	-22.1938
-9.01732	-27.6922
-11.9163	-32.9538
-12.5495	-30.0068
-11.6104	-30.6499
-10.9532	-28.754
-6.35821	-25.7632
-3.78928	-20.4104
-7.03659	-22.4839
-3.9856	-15.0792
-8.12391	-16.8658
-10.3763	-15.03
-7.31596	-14.7303
-4.18019	-12.0134
0.370147	-13.2205
-4.26199	-8.7473
-8.70114	-12.401
-2.99778	-5.07113
-6.65409	-9.82755
-5.65766	-10.5852
-3.65006	-10.802
-6.66758	-11.5047
-1.13677	-10.0483
-11.1354	-17.4597
-6.14621	-12.4413
-11.3875	-13.5483
-6.07247	-11.722
-5.63505	-12.2423
-0.470043	-12.0168
-7.96582	-18.1166
-12.936	-15.3487
-14.0344	-15.2551
-13.1357	-14.4717
-12.9199	-18.0911
-9.36669	-20.6402
-2.41837	-21.9022
-0.879145	-23.824
1.18625	-22.3807
5.19122	-21.9904
5.23102	-14.6648
-4.76966	-9.77811
-13.0285	-9.96649
-6.32527	-6.78487
-6.75498	-11.8264
-10.8164	-12.4388
-7.63888	-13.026
-3.58971	-8.03415
-11.7779	-9.06545
-3.65562	-10.3898
-8.20751	-16.9963
-3.33943	-13.8443
-8.146	-14.108
-2.31257	-20.5387
-6.02707	-27.0402
-7.1933	-32.2304
-8.62927	-29.1187
-8.42388	-27.1489
-8.10686	-23.8045
-8.01792	-20.2023
-10.8939	-15.8588
-11.1708	-12.5551
-11.0588	-16.6388
-9.14925	-20.9605
-3.94201	-18.9631
-6.39036	-12.5877
-4.69557	-7.82264
-0.849778	-9.49901
2.64885	-8.18374
4.6341	-6.31788
-2.193	-16.2798
-1.68627	-12.2806
-9.56437	-6.72159
-5.09741	-13.7431
-6.9014	-13.1419
-9.94373	-12.2362
-3.74287	-16.3577
-7.56317	-16.9201
-8.82192	-16.2403
-5.7462	-23.1135
-7.70138	-23.7525
-6.93112	-28.7917
-4.29109	-26.2127
-5.44925	-25.2346
-6.50612	-24.9541
-5.35619	-25.2777
-4.35341	-22.175
-3.48634	-23.5278
1.56992	-19.8485
5.53856	-25.6701
6.59831	-27.7128
3.06391	-27.6384
5.68717	-26.4721
4.42169	-23.9964
3.02157	-25.3726
1.10346	-14.632
-1.44866	-8.02589
-1.3983	-12.9719
-3.6893	-10.4019
-0.138169	-8.28589
0.0480347	-12.2555
-4.37314	-8.28383
-15.1618	-11.7611
-10.1124	-12.7789
-8.96903	-17.8022
-7.32418	-13.842
-7.76407	-14.3422
-7.37382	-13.8074
-5.50623	-21.3979
-1.38261	-15.5643
-5.3345	-24.3481
-6.61811	-25.1551
-9.86971	-22.7725
-2.4108	-29.6506
-4.54965	-28.5923
-5.2779	-30.7376
-4.50691	-25.9691
-3.15499	-20.632
-1.08766	-16.3447
-1.75126	-15.2148
-2.49958	-11.1527
4.48311	-5.97724
3.9077	0.876705
3.09507	3.69862
0.894172	5.93046
-7.22916	11.2017
-8.55215	4.75519
-6.78264	3.23592
-6.32708	3.94287
-3.76118	-0.0461217
-2.18434	5.32038
-0.589344	-3.13439
-2.79867	0.410544
-6.00467	-9.21092
-6.47171	-12.4946
-7.8531	-1.46157
-2.91273	-6.71178
-6.07433	-8.72107
-1.34523	-5.59829
-0.700961	-2.44882
-2.19221	-4.32627
-4.88125	-6.28052
-3.12723	1.08961
2.28992	-7.38174
-5.03194	-7.006
-2.43046	-9.87425
-3.29614	-15.5534
-4.17938	-12.5232
-0.530839	-11.159
-2.25161	-14.7945
-4.53874	-11.6861
0.259004	-9.48546
-1.21033	-8.65043
-0.234981	-7.76088
-5.43213	-13.4843
0.896819	-2.24048
-1.21328	-10.2843
-6.42183	-8.47013
-6.92025	-12.0611
-5.19959	-12.4893
-4.29889	-11.9404
-1.21402	-6.72282
-5.54603	-11.6372
2.56184	-16.2706
-2.44173	-18.7235
-4.83535	-16.1357
-4.8393	-19.7087
-6.81433	-14.7125
-1.47984	-11.124
-6.50078	-10.3829
-4.61863	-18.686
-5.61997	-14.6972
-5.71039	-14.2265
-3.63649	-13.174
-9.31503	-18.8971
-7.75401	-14.3257
-6.01731	-14.2255
-0.507949	-13.7949
-6.43109	-17.0335
-4.56039	-17.5373
-4.59336	-16.1975
-5.39583	-15.2005
-8.59144	-9.81248
-8.75103	-9.68828
-8.13815	-6.55231
-11.7392	-3.01596
-10.8154	-6.08932
-3.86686	-3.46104
-6.42767	0.318684
-4.94597	-8.34712
-7.4517	-3.09851
-5.06407	-4.84468
-2.23691	1.08942
-9.42089	-3.81157
-5.10448	-9.55884
-1.75729	-8.011
-4.92463	-0.331516
-2.38867	-4.50984
-2.86598	-4.46287
-9.86189	-15.4358
-11.4566	-18.6315
-13.0375	-17.9573
-9.34696	-20.1962
-9.61032	-14.5647
-7.47635	-16.072
-5.75371	-17.4428
-11.0008	-19.5214
-17.3205	-20.9332
-13.8165	-26.0795
-10.3599	-30.4021
-12.8605	-29.3556
-10.3197	-29.4851
-9.496	-28.3472
-8.73565	-26.7087
-6.28316	-26.9227
-0.676579	-27.3478
-1.9969	-26.0319
-3.76397	-27.1862
-3.52656	-25.9372
-4.76252	-25.1174
-3.35554	-23.2158
-3.95454	-19.9535
-0.653681	-11.8754
0.688826	-17.9269
-1.5726	-13.7189
-2.77328	-12.7099
-7.93185	-13.9561
-5.04932	-22.1738
-9.05341	-26.6321
-10.1482	-27.9974
-11.9107	-29.8149
-11.7949	-30.4557
-11.9848	-28.375
-14.5189	-21.2111
-6.90294	-15.893
-5.18737	-16.8386
-13.3579	-14.7061
-20.7846	-16.2942
-14.6972	-13.4508
-10.751	-10.3785
-16.7918	-10.9778
-16.1029	-3.4558
-12.1492	-1.44383
-15.4559	-12.3528
-14.1386	-11.3666
-14.2542	-14.8819
-14.776	-17.5464
-10.1721	-19.5582
-3.97505	-18.7785
-7.52043	-25.2082
-9.8596	-27.2836
-9.76251	-26.1614
-10.4625	-25.637
-12.0543	-24.184
-13.1567	-23.2761
-13.1477	-19.9911
-13.2861	-19.6648
-13.8012	-18.7444
-12.8015	-18.1419
-11.0924	-20.6769
-4.87851	-16.1451
-2.77598	-10.3455
-8.24549	-15.2339
-14.9846	-17.1286
-12.1018	-17.6311
-6.27894	-15.4235
-7.38485	-12.7562
-5.97398	-13.603
-5.74907	-16.1086
-6.86789	-27.9876
-12.1955	-39.2335
-11.6332	-38.192
-10.4906	-32.814
-1.55787	-22.3299
1.79966	-11.5985
2.63646	-7.22103
-11.6539	-16.2084
-3.00389	-16.9577
-8.22628	-19.1254
-8.63352	-13.8852
-1.79824	-8.37533
-2.35717	-9.66251
-3.12134	-2.8747
-3.27609	-6.93549
-2.75027	-5.3385
-2.15252	-9.80351
-2.1561	-11.1235
-2.92373	-9.10896
-3.73198	-10.7362
-3.69409	-10.6376
0.7218	-16.9042
-6.23175	-11.9602
-6.08153	-13.0659
-6.69179	-13.2667
-8.41171	-15.682
-8.72692	-21.0371
-9.44642	-27.6001
-4.8704	-30.4293
-2.25619	-24.9806
-0.142596	-14.1841
-4.35639	-15.448
-7.03371	-12.7509
-1.11643	-10.9282
-5.44106	-11.1185
-5.84171	-11.7033
-1.48904	-11.8543
1.02883	-10.0532
-6.6223	-24.1926
-6.78441	-26.21
-9.32727	-26.9243
-8.29917	-27.9071
-6.22099	-31.4363
-0.0763318	-33.0415
-2.11698	-24.8747
1.41237	-20.5486
0.575509	-22.9036
-2.35068	-16.9896
-4.80709	-18.9495
-10.2489	-21.3149
-6.57959	-24.0788
-5.16655	-20.1925
-5.87814	-20.5482
-6.0102	-13.6254
-8.89604	-15.2606
-0.288061	-18.1931
-4.81224	-19.2382
-4.50202	-12.9706
-3.51396	-9.65284
-3.15255	-6.97672
0.523721	-8.45694
2.75158	-10.4988
5.30339	-11.0933
2.26155	-9.34112
1.22483	-10.2711
-1.29416	-11.3738
-2.42904	-12.4986
-5.28949	-15.6184
-7.01194	-15.8949
-8.53798	-15.465
-9.54391	-16.8309
-11.2947	-15.9126
-9.55796	-18.1184
-6.78305	-15.1537
-6.59462	-14.817
-8.03339	-17.4791
-4.08478	-18.0984
-0.827708	-21.6066
-4.33978	-22.585
-0.433139	-20.4101
0.407249	-22.6821
-4.59611	-19.6411
-2.26559	-22.2758
-4.70478	-21.9024
-3.95265	-2.96496
-3.5592	-10.5544
-9.54669	-12.7443
-4.93897	-14.0661
-4.83991	-15.7389
-2.61394	-14.1925
0.352174	-13.6375
-4.52959	-10.3255
-3.32855	-12.8802
-1.73879	-13.9419
-5.8975	-12.3637
-5.05286	-13.108
-1.82135	-11.7451
-3.87817	-12.1638
-3.44072	-18.5922
-3.37668	-20.1071
-5.43716	-14.0612
-0.870608	-14.0218
-0.444681	-11.3232
-1.88313	-10.6902
-0.106996	-12.2889
2.30526	-8.5695
2.335	-9.32115
0.205948	-12.6879
2.17533	-8.01373
5.5501	-12.4176
-0.492271	-12.4502
-5.3055	-10.959
-3.90571	-12.0568
-5.42038	-14.3308
-5.9843	-12.1301
-5.1174	-8.8895
-11.8046	-12.3047
-12.3476	-11.4045
-12.6646	-11.4365
-8.94308	-11.3471
-13.1611	-14.3363
-7.56026	-10.357
-9.64412	-8.10683
-10.8057	-9.5611
-9.18157	-11.9518
-5.42306	-14.5
-4.80414	-12.7003
-1.13035	-13.7767
1.54417	-12.1626
1.70968	-12.8016
0.110785	-13.9994
1.53739	-12.7566
4.97311	-10.3897
-5.08283	-14.7581
-7.37487	-16.0214
-7.99814	-15.9882
-8.16524	-15.1857
-7.98813	-17.8486
-8.97083	-15.6804
-8.99314	-14.6674
-9.01795	-13.8922
-8.43487	-11.9496
-3.86733	-12.7981
7.66071	-17.2352
6.43015	-18.9457
4.28186	-20.8552
7.38089	-20.8985
7.44578	-20.0631
6.17131	-22.8277
5.8823	-22.707
6.12075	-18.4768
9.94886	-11.3392
0.972592	-26.79
-6.67054	-32.2843
-8.07594	-29.7561
-9.87387	-29.1437
-10.6327	-24.4387
-12.4413	-23.7277
-14.2327	-28.5062
-13.3876	-29.8055
-14.2753	-29.9845
-12.6381	-28.1265
-13.5208	-29.4356
-12.1692	-30.0315
-12.3658	-28.6558
-11.8629	-26.0137
-10.2111	-25.0843
-9.47479	-24.295
-11.8824	-27.1112
-13.1567	-28.8687
-13.3508	-30.6774
-7.5745	-30.4304
-5.12855	-25.0123
-7.0962	-26.9799
-9.10507	-29.5304
-10.7065	-32.3247
-9.58214	-33.6723
-7.8871	-28.9287
-8.20986	-19.491
-10.337	-11.3875
-10.3314	-10.7934
-6.66601	-13.0677
-0.928377	-17.5447
2.94477	-18.2954
0.748386	-12.9979
-1.6034	-15.9445
2.04575	-18.1373
1.73841	-20.6726
-2.08948	-13.1932
-1.58636	-7.3151
-4.71831	-18.2872
-12.8131	-16.0409
-15.0345	-15.3302
-12.0932	-15.6427
-9.84554	-17.9516
-6.22727	-22.6337
-4.2381	-19.126
-1.30284	-16.4616
-5.12835	-12.5545
-10.0195	-8.55184
-5.43375	-5.967
-6.31232	-8.56866
-5.04555	-11.6135
-5.20783	-7.51068
-5.73443	-8.21871
-7.58756	-5.34823
-5.55594	-13.379
-4.93964	-18.2915
-8.98074	-21.2195
-9.87113	-19.8624
-10.1089	-21.5972
-8.87538	-21.4788
-9.37732	-21.7836
-7.6167	-24.2266
-1.74817	-15.5084
-2.09169	-13.3795
-5.95745	-15.3263
-5.33854	-15.5751
-10.2272	-15.8066
-6.53902	-18.4336
-9.0351	-17.1877
-10.7656	-12.9249
-8.31577	-10.4868
-7.69511	-12.0161
-12.4131	-9.35185
-5.35332	-10.0465
-10.5696	-19.8816
-5.45119	-21.3394
-13.4174	-22.6949
-11.9211	-19.3757
-12.5714	-17.1396
-12.4438	-18.1004
-13.3116	-18.5415
-14.2475	-19.3088
-11.1267	-20.4914
-12.5882	-18.5644
-12.3331	-19.199
-8.73359	-19.7829
-8.93084	-23.2344
-9.18581	-23.0292
-5.18871	-22.9811
-4.98283	-19.6779
-8.35614	-20.8015
-7.94114	-22.1029
-7.43435	-19.0573
-6.55019	-19.1103
-5.24266	-15.8755
-2.6455	-8.71421
-7.34285	-11.2759
-7.6466	-17.1229
-6.80362	-18.9718
-7.22603	-19.0873
-8.66242	-19.8462
-9.83695	-21.8426
-9.34405	-24.9866
-11.8319	-24.8506
-12.0039	-21.8634
-12.892	-22.4983
-12.1105	-18.8657
-14.9198	-16.9325
-12.7811	-20.5989
-13.9619	-20.3764
-9.9053	-22.58
-1.68219	-18.1488
1.65925	-17.1957
2.50454	-21.437
1.55543	-20.3611
3.30137	-21.3836
4.3711	-21.9445
4.67886	-19.5053
6.49768	-20.2773
-0.650303	-12.3582
-7.54371	-19.7845
-11.5002	-19.2611
-12.2931	-18.8829
-14.0675	-17.9749
-15.3079	-16.6898
-12.5472	-17.3496
-5.66379	-15.5155
-0.126377	-18.65
-0.856648	-16.6517
-1.80025	-17.1073
-0.577778	-16.909
-0.584662	-18.8027
-1.11377	-20.3169
-1.2235	-20.057
-0.826094	-16.5197
-9.05805	-26.9151
-8.01108	-30.2389
-6.07818	-27.7816
-1.90433	-28.1112
-2.95442	-27.9382
-6.41738	-20.9066
-6.90233	-17.9046
-6.70429	-15.3832
-3.60335	-11.346
-3.23833	-14.298
-4.01831	-13.5562
-7.12289	-12.5808
-4.88216	-13.9292
-6.61669	-14.1862
-7.6179	-11.2476
-7.73655	-9.37975
-4.13008	-10.7916
-4.37091	-10.6214
-2.82653	-7.76404
-3.69534	-7.86826
-3.60085	-9.35728
-7.19322	-14.4486
-3.98877	-16.6296
-6.59276	-16.5196
-9.20836	-8.85604
-2.10276	-7.85772
-5.86645	-5.13656
-4.22957	-5.67002
-9.09747	-9.59333
-5.06349	-5.55476
-5.55241	-7.18392
-3.89282	-5.36887
-6.38036	-8.58191
-7.66426	-6.64579
-4.34823	-3.65926
-6.0316	-8.50741
-7.18116	-17.0889
-2.13601	-17.3127
-3.23841	-9.26278
-3.15284	-8.43683
-0.247678	-7.49307
-1.99814	-6.63127
-5.36739	-6.90738
-3.77441	-7.40792
-2.68946	-4.45004
-5.50305	-6.48924
-8.67648	-2.42359
-3.94043	-8.89259
-4.15776	-12.1943
-0.0504569	-6.82057
-1.70077	-6.62833
0.0102432	-2.87108
-7.73769	-13.2276
-3.40293	-12.6368
-1.64502	-6.974
-3.83171	-10.7603
-1.93054	-15.6246
-8.06001	-13.6529
-8.98269	-14.7387
-6.55409	-10.0544
-9.19296	-7.53807
-4.37368	-3.81499
-8.38175	-8.12523
-8.4716	-3.52082
-5.01051	-2.84348
-4.56901	-7.12047
1.65482	-8.15674
2.59393	-6.80378
-2.31677	-10.1801
-1.8016	-10.6574
-0.225666	-12.8536
0.788671	-7.83702
1.7347	-0.111282
-4.02298	1.53611
-11.3133	0.286333
-4.11708	-6.30788
-6.21021	-14.8358
-4.20708	-21.7341
-5.68228	-25.7165
-4.83086	-30.4517
-5.96855	-29.7053
-7.65324	-29.3931
-9.34636	-25.0192
-5.51973	-22.5382
-1.92269	-21.3277
-2.16458	-23.4321
-4.8776	-22.2484
-6.88616	-19.3652
-8.34288	-18.3279
-8.91791	-17.2604
-9.47667	-18.0316
-6.53285	-13.5001
-4.42089	-17.3092
-3.25481	-19.29
-0.532004	-19.3575
1.37322	-22.8649
-1.97827	-23.8228
-1.16639	-25.8061
0.971231	-27.1481
-0.821115	-24.6239
-0.25006	-23.9952
5.65656	-11.0047
0.809018	-7.25334
-7.67205	-13.2164
-3.6259	-13.9322
-7.08685	-23.0027
-10.2124	-28.4102
-12.2504	-24.3492
-11.1078	-27.2455
-5.97085	-16.4624
-6.58835	-21.167
-11.0896	-26.5605
-10.6903	-25.968
-9.31232	-25.3959
-10.2315	-25.6428
-9.62078	-26.5373
-9.72911	-23.9741
-8.849	-25.2948
-7.99375	-28.3744
-8.31903	-29.2218
-7.99647	-28.9406
-7.58681	-29.7697
-6.52172	-30.6289
-10.2383	-31.3178
-8.76303	-31.2389
-9.07762	-29.8937
-11.2646	-30.3305
-10.9188	-32.0165
-12.1157	-30.3679
-12.979	-31.9425
-13.3087	-30.2721
-14.1438	-29.9911
-13.031	-26.7418
-13.3685	-25.8039
-12.7382	-23.9427
-11.0975	-22.1046
-10.363	-19.7249
-9.66673	-18.9138
-8.23811	-18.0159
-8.13436	-17.3931
-8.52251	-18.7982
-8.98766	-19.769
-9.17783	-21.2283
-12.9363	-22.7309
-12.6099	-24.871
-7.39701	-24.3335
-1.96703	-9.59235
-13.6682	-13.8525
-12.5269	-27.0819
-14.28	-25.5932
-14.8512	-24.681
-10.1361	-18.3312
-9.69336	-17.1509
-10.6976	-14.9718
-10.2446	-15.7622
-11.9417	-15.9374
-10.7832	-14.4146
-12.4784	-13.7638
-5.13919	-18.4204
-3.01807	-22.6321
-1.27583	-27.1218
2.88195	-26.2965
0.958546	-23.4018
-0.758624	-15.6853
-0.19464	-12.9517
-4.73856	-5.48467
-4.78789	-6.07479
-4.63868	-11.3412
-8.56446	-8.84727
-3.32049	-10.7974
-4.19255	-8.7351
-8.75978	-20.3151
-2.49755	-20.1337
0.0679807	-17.0295
-4.92208	-29.8727
-6.91295	-28.4789
-11.1671	-27.3311
-3.1883	-28.4285
-1.98627	-12.005
3.5285	-12.9983
1.16515	-13.7822
4.2614	-16.0863
4.45703	-17.8467
2.35571	-13.0504
0.197994	-10.6876
-1.56315	-8.86408
0.803932	-7.9588
1.04804	-9.13173
-6.85023	-20.6021
-6.82754	-24.0999
-7.77912	-24.6263
-9.53071	-26.5008
-9.77135	-27.8418
-8.58545	-28.6237
0.74138	-23.4097
1.78047	-16.7808
2.06421	-13.8582
3.10494	-13.9332
-1.97611	-22.6572
-11.462	-13.4436
-3.22423	-10.1695
-7.58034	-10.6773
-3.15042	-16.1427
-4.17918	-16.2502
0.284495	-29.1597
-4.01349	-31.1611
-3.81303	-29.5877
-1.50079	-29.8312
0.522015	-29.6199
-1.29293	-16.6051
-0.0366318	-11.7455
-1.76729	-16.3375
-1.5893	-9.16994
-4.35768	-12.2012
2.89052	-10.2461
10.6772	-1.99523
0.107643	-4.85084
-2.95346	-6.72863
-3.13281	9.96749
-0.779265	5.98853
-0.611651	-5.22905
-21.2656	-4.63181
-22.3827	-4.60192
-9.4187	-8.49868
-5.06526	-11.2993
-13.2517	-14.3278
-6.87362	-17.4009
0.245745	-10.6735
3.09315	-15.1401
4.61805	-12.5832
3.60161	-11.0199
-4.00018	-5.13798
3.36547	-8.45224
0.548742	-7.70646
-2.56039	-6.95486
0.770081	-11.2151
-10.7546	-14.2694
-3.4616	-10.2123
-6.73942	-9.08662
-4.32304	-5.89903
-5.48831	-8.90403
-11.2934	-11.314
-11.7297	-9.50462
-10.4298	-8.89027
-11.4691	-8.50552
-12.1525	-5.60333
-14.3221	-6.1785
-13.8396	0.684744
-13.2238	-2.52061
-14.0166	-2.54462
-12.2806	-2.2095
-10.2769	-5.98259
-3.96051	-9.92411
0.642749	-4.35002
4.44504	-18.0917
0.673022	-14.0047
0.531513	-15.0808
1.86629	-14.003
0.591452	-13.7177
3.15227	-13.2655
4.73493	-12.633
-0.771822	-8.61657
-4.83294	-4.71402
-5.03819	-1.96375
-8.66086	1.38925
-6.54704	-0.724254
-3.98074	-4.56312
-6.10921	-2.17934
-3.55413	-0.488282
-3.43511	-3.13764
-1.63704	2.80413
5.96479	2.71565
8.20514	3.55993
7.36701	3.78671
4.72119	1.83031
0.247	-1.8949
1.63815	-2.45056
-1.75791	-0.357745
-1.8904	-0.127621
-2.18693	3.06811
-3.68642	-3.57901
-3.30176	-1.10237
-4.7193	0.615906
-2.613	-3.14289
-1.09023	-0.951393
1.44193	1.54776
0.337533	3.32444
-2.58278	2.38323
-1.75011	4.64027
-1.96156	1.19188
0.229589	-0.841785
-1.01858	0.38905
-2.87007	1.24677
0.891007	-4.05009
-5.14471	-5.53052
-5.26992	-7.63782
-8.20477	-7.19324
-7.59288	-10.4989
-2.11694	-8.35253
-0.677323	-5.91554
0.738457	-10.7384
-4.92032	-7.71667
-6.50182	-3.03322
-7.0496	-14.0064
-3.67556	-7.43317
-16.2038	-16.1844
-23.2423	-27.5153
-20.5512	-24.1122
-17.9771	-27.9685
-22.452	-24.3604
-18.9467	-28.3035
-14.6316	-26.1371
-11.7297	-21.4142
-7.32929	-24.1125
-3.97148	-21.7584
-4.7977	-20.4919
-2.83617	-19.717
-2.18863	-20.4161
-3.11945	-21.266
-1.74894	-19.8785
0.621101	-15.7501
-7.20988	-12.4914
-3.2083	-11.6284
-0.881837	-5.84352
-0.44936	-1.97088
-0.67044	-4.18083
1.27856	-2.13138
-4.65841	-10.8167
-0.993444	-12.881
-21.6033	-13.1789
-21.5284	-13.7619
-22.8918	-14.7042
-22.8177	-11.8436
-24.0426	-12.4489
-23.8478	-10.6841
-25.6848	-14.477
-27.5653	-14.5878
-27.9954	-17.9798
-26.7835	-15.273
-26.037	-14.21
-26.4629	-15.4587
-24.1555	-18.2361
-18.5709	-20.1999
-16.6072	-23.64
-13.9196	-19.312
-12.7186	-13.2931
-6.0338	-13.5926
-6.9468	-16.6644
-6.95256	-21.5604
-11.026	-27.6526
-11.9921	-22.5916
-12.554	-18.3195
-11.2006	-13.5345
-8.99619	-10.9277
-9.79113	-12.0189
-10.5316	-12.3704
2.57255	-13.9645
1.97709	-15.0158
0.475288	-12.0602
3.05135	-15.6223
2.10639	-16.3381
1.41541	-16.1754
-2.10567	-14.6196
-4.36772	-16.3038
-9.37246	-25.4813
-18.561	-19.7295
-21.4653	-18.7772
-22.354	-19.5009
-22.9485	-19.1026
-23.4422	-20.9969
-14.9481	-23.6914
-10.5838	-24.817
-7.96155	-28.2979
-3.46828	-31.3903
-3.00468	-32.3577
-11.8042	-31.8293
-13.4188	-27.4325
-13.6274	-27.7951
-12.113	-28.1645
-9.94928	-24.5118
-6.13361	-22.6949
-6.66456	-16.6448
-8.40154	-14.3755
-7.71456	-12.2643
-6.77041	-7.90471
-5.03832	-11.9739
-4.53047	-11.8375
-5.02179	-14.9114
-2.32448	-10.2295
-5.04747	-10.5827
-8.35032	-12.5851
-8.35151	-9.54725
-4.18673	-13.2119
-5.98794	-15.7682
-5.65342	-24.5027
-1.67148	-33.4267
1.34847	-28.2358
0.597319	-21.1502
0.0763427	-19.4361
-0.622283	-21.0476
0.817719	-21.3775
3.57545	-19.9075
2.41239	-19.1857
1.98502	-19.5708
-6.29965	-9.98819
-9.84231	-18.2883
-12.3256	-15.2239
-10.2205	-16.5456
-5.51604	-17.302
2.63802	-18.0928
7.08506	-23.8559
6.92353	-30.2858
4.69656	-31.4843
-3.57492	-28.7628
-5.4843	-25.4086
-12.8075	-20.452
-9.84471	-17.9158
-8.9644	-16.3358
-6.22092	-15.0639
-5.39374	-12.4125
-6.36016	-10.6939
-4.33156	-9.87136
-4.22138	-11.292
-5.02668	-12.8489
-4.10778	-15.5841
-5.61012	-18.8249
-3.09049	-14.6324
-4.70473	-11.0752
-3.34562	-6.32072
-5.52705	-8.89793
-5.8595	-6.70195
-8.72776	-11.1708
-1.94348	-4.2511
-5.16195	-6.35517
-3.79866	-5.77612
-4.64421	-2.4629
-3.50994	-2.30334
-7.51649	-12.3373
-9.29631	-16.9968
-2.17755	-13.4404
-0.409444	-8.99581
0.0134651	0.0495854
0.800996	-7.19242
-5.47391	-9.97091
-7.25386	-6.32744
-3.71886	-6.94212
-3.2412	-9.72367
-6.12642	-12.5084
-6.7962	-10.1818
-6.67164	-9.32776
-7.08579	-12.8698
-7.69701	-10.2861
-3.63306	-10.3439
-2.59915	-11.1328
1.06265	-9.33632
-2.19001	-11.4413
0.120065	-8.46405
1.44072	-4.74799
0.712192	-10.7886
1.80881	-4.62803
-0.526594	-8.58844
2.78069	-9.80066
-5.53	-2.72531
-3.22229	-7.16856
-3.17994	-8.84954
-3.88388	-8.49679
-5.69401	-8.28635
1.9609	-2.88572
-1.6546	-4.94403
-3.02272	-5.1779
-2.95595	-11.4022
-2.45016	-3.78827
-5.79482	-11.8769
-2.23486	-6.73308
-1.34483	-7.34136
-13.1434	-20.3672
-21.6176	-23.3817
-23.5502	-23.7564
-22.6274	-23.1684
-22.0491	-22.3324
-22.9245	-18.2284
-19.9663	-16.305
-15.395	-14.412
-8.59992	-16.9176
-2.12404	-14.4866
0.357083	-22.7075
-0.665436	-23.1482
-0.373786	-27.3241
0.745997	-26.8986
0.793632	-25.3119
1.47495	-25.7431
-1.41374	-20.6767
1.6391	-20.2801
4.39925	-19.1408
5.23216	-20.342
5.52309	-20.47
5.13606	-19.7362
5.42473	-19.6035
5.12523	-18.9582
4.2686	-15.9456
-3.61325	-17.3283
-8.80239	-5.49937
-7.50837	-5.20132
-7.09026	-8.15686
-5.32709	-10.0522
-4.55783	-13.4718
-6.81822	-15.5478
-8.34951	-17.153
-11.6744	-19.0953
-12.8251	-22.0907
-10.7019	-19.5314
-9.49116	-21.6057
-1.97956	-13.174
1.14829	-18.6884
-1.5774	-9.09853
1.19088	-10.9069
-2.21463	-9.54574
-4.55222	-11.5317
0.13111	-5.7319
-1.17982	-5.86776
-4.68207	-3.34593
-2.81184	-3.58948
-6.21287	-5.23644
-18.3199	-10.9139
-6.6286	-9.37321
-3.79499	-12.585
3.94401	-13.0854
7.34709	-19.0477
1.2491	-19.9244
-0.503094	-13.424
-1.62632	-6.16811
-3.8108	-10.6235
-3.96513	-5.79773
-5.77145	-10.0661
-3.98795	-6.14268
-1.59564	-5.85695
-6.47475	-19.5856
-9.99664	-21.1241
-2.91498	-18.8869
-6.7362	-27.5896
-9.31775	-33.477
-8.87082	-29.8172
-7.68409	-28.8336
-5.64526	-26.6603
-3.18384	-21.7687
2.31668	-16.8417
0.405156	-14.2908
-5.18263	-10.0086
-5.20129	-11.9987
-4.68953	-13.1165
-13.6341	-7.55868
-8.49611	-9.63565
-5.50804	-12.2727
-9.25279	-11.1738
-6.3067	-10.8292
-2.74417	-8.69881
-4.45275	-8.082
-3.77432	-5.97695
-6.6661	-8.59171
-4.74392	-3.27865
-7.04447	-5.77686
-6.0219	-9.27488
-7.03677	-10.2855
-6.64262	-10.6432
-7.91931	-11.8688
-10.6216	-24.1574
-11.5662	-22.8616
-9.86927	-20.8182
-8.47941	-19.0856
-8.23315	-20.3533
-11.0001	-22.5037
-8.54701	-26.8552
-1.15757	-21.8694
1.27352	-15.1991
-6.29337	-15.2743
-5.66315	-15.3328
0.412459	-8.99204
2.51861	-12.3008
3.81676	-11.6301
2.39519	-14.2691
-0.660598	-12.1447
-3.67986	-12.9877
-2.90827	-21.3963
-3.49661	-8.79991
-6.65988	-15.8073
-4.80852	-11.8799
2.04095	-20.0893
-3.97847	-27.87
-3.92808	-21.3825
-0.0099953	-8.21873
-2.00824	-12.967
0.105122	-16.2348
2.11723	-26.3297
0.707018	-24.0811
-1.43331	-23.25
-0.844559	-18.9242
0.357641	-19.6423
2.78059	-23.5385
2.19159	-20.9296
0.804195	-17.5079
3.59309	-16.8312
1.74301	-13.2245
2.81735	-16.9693
0.382288	-13.7772
1.56409	-11.5434
2.44812	-13.4658
7.53862	-17.9879
8.77156	-18.4582
8.89972	-28.2097
5.5426	-27.6574
1.18948	-26.6286
0.0557664	-26.2433
-1.57329	-27.6623
-2.55834	-25.3322
-3.40409	-26.4666
-8.03017	-24.2179
-10.4834	-23.3089
-8.53891	-20.3529
-10.3528	-19.4253
-7.88971	-18.9354
-8.8319	-18.7735
-7.88631	-19.9811
-11.3248	-20.5349
-11.0858	-16.1581
-14.0671	-18.2503
-16.2849	-25.3658
-12.4798	-25.1955
-15.3794	-28.9608
-7.09953	-24.3007
-7.33526	-16.0996
-10.5335	-19.1791
-12.0213	-15.0597
-6.12224	-17.5109
-9.99478	-10.846
-7.93775	-13.9893
-10.525	-16.576
-8.15385	-9.46279
1.21206	-22.1647
-5.92967	-11.2016
-7.414	-9.65896
-4.93239	-12.6444
-9.10504	-10.4787
-8.80398	-9.80537
-6.84123	-9.29171
-8.04753	-9.56656
-5.45375	-16.8399
-7.4254	-14.3159
-1.25307	-10.226
-4.43279	-19.0634
-4.85445	-12.4065
-9.24965	-16.5981
-8.602	-17.0342
-9.58431	-17.3077
-5.27285	-20.4722
-3.82343	-21.0263
0.509822	-24.3808
-0.219813	-14.4936
-6.26449	-9.9791
-6.37729	-1.44541
-5.8259	-4.20166
-18.6306	-9.22277
-9.58311	-5.79776
-8.60738	-8.87158
-11.9891	-7.31011
-11.7747	-14.4473
-6.93512	-8.07561
-8.33357	-7.27868
-8.96905	-11.8985
-6.25334	-15.7522
-3.84091	-13.2658
5.20147	-11.7771
-3.12276	-19.4518
-1.82014	-16.059
-0.800103	-14.6557
3.45998	-16.1198
7.84072	-13.5189
11.9226	-19.7168
11.7248	-25.8978
3.00173	-16.9319
-9.63181	-13.9713
-2.25327	-19.1124
-1.96615	-14.909
-1.1752	-5.32833
-4.3544	-13.5113
-1.7493	-11.3676
-5.87076	-11.805
-0.408414	-18.5413
0.861854	-8.06419
-2.25098	-9.87848
-12.3915	-14.2647
-10.6813	-17.1705
1.04097	-19.3738
-7.5524	-28.541
-7.98146	-32.3727
-9.88567	-31.1394
-11.6435	-30.8896
-11.083	-30.3042
-10.5269	-31.157
-11.1877	-26.678
-8.66141	-26.4624
-10.5818	-17.7408
-7.99188	-18.5576
-7.84634	-13.9219
-5.11259	-11.1494
-3.76165	-4.87254
-8.29761	-9.61172
-8.45664	-19.9579
-6.18154	-31.1853
-8.90967	-31.4496
-9.65013	-33.0027
-8.37037	-32.4284
-10.0251	-28.8377
-7.18045	-29.7454
-6.64245	-29.3579
-9.48858	-23.3628
-9.04195	-15.9911
-6.98676	-19.0576
-5.74605	-20.8221
-4.60071	-27.8461
-5.71559	-32.3649
-4.71251	-36.2336
-3.28185	-32.9612
-0.738231	-32.0505
4.78711	-31.28
2.19967	-30.8422
1.07825	-28.3089
0.254269	-30.291
-2.94896	-29.5892
-2.84745	-29.8134
-4.23089	-29.9785
-6.44759	-28.1094
-3.38239	-28.0726
-1.92051	-25.8791
1.66529	-22.1219
2.2377	-17.9145
1.91119	-16.7403
1.39629	-19.7873
-1.06583	-23.844
-3.23735	-27.6787
-5.99053	-29.3632
-7.24844	-28.2166
-8.34292	-26.3394
-8.25371	-24.4608
-9.53167	-23.7969
-7.78434	-6.20474
-5.11619	-1.22349
-6.17708	-10.1047
-10.9426	-12.8828
-10.9813	-11.0936
-4.31254	-8.36362
-2.23619	-9.02004
-2.63724	-19.0112
-7.33064	-28.6774
-9.88983	-24.2095
-10.044	-24.9166
-3.12642	-19.7027
0.423225	-15.4971
-1.82325	-14.4765
-2.66846	-14.506
-1.74599	-15.8493
-0.662778	-13.6292
-2.85614	-7.18644
-2.57965	-10.5443
-2.56849	-7.95335
-11.6489	-1.04676
-13.9183	-0.0885125
-6.70995	-8.07417
-4.96794	-8.91786
-0.3881	-11.7609
-2.25342	-17.8634
-1.68974	-27.2882
-3.88887	-25.9636
-4.68389	-26.492
-7.78567	-19.9295
-5.88038	-16.8357
-6.81892	-12.8626
-2.4214	-14.1117
-2.59738	-15.1097
-0.19373	-16.0471
2.00461	-7.17703
4.81815	-12.8665
-3.93923	-11.0973
-9.53627	-15.7445
-4.65234	-15.8474
-10.3477	-17.4212
-3.64828	-13.5561
-1.72802	-17.934
-4.80832	-16.6526
1.94278	-19.1568
-3.65546	-25.7039
-5.10448	-32.413
-3.38676	-31.1505
-3.91669	-29.6721
-2.52294	-30.9913
-2.24264	-30.8609
-2.37091	-32.7591
-4.97323	-32.6083
-6.94418	-33.0868
-8.74742	-32.1398
-8.49165	-29.17
-8.99088	-27.05
-10.4736	-24.6524
-10.1638	-22.6693
-9.16093	-21.6149
-7.38521	-22.3418
-5.3045	-20.7331
2.32866	-22.1555
4.07108	-27.9867
3.29823	-27.5435
3.73636	-22.4437
5.02495	-18.9773
0.957637	-13.874
4.33688	-11.3977
5.41353	-0.844321
0.698394	-6.00371
-2.91795	-6.78
-9.3608	-13.2704
-4.71671	-11.0289
-2.36474	-11.2221
-1.63693	-18.0549
-6.39768	-12.6158
-4.33517	-16.8397
-3.056	-21.5448
-0.640827	-17.5672
-1.3383	-15.2736
-5.83843	-25.1945
-8.36244	-29.2935
-8.40039	-28.333
-8.32169	-29.7349
-8.39176	-31.5396
-9.45707	-31.9725
-8.01644	-28.6364
-7.08705	-24.9853
-5.71396	-23.7642
-4.81041	-26.4532
-5.62831	-24.1785
-5.26103	-23.2342
-6.17667	-22.6684
-5.15535	-19.3862
4.8052	-13.8223
2.00552	-8.53532
-12.1937	-7.41071
-14.4949	-7.74034
-14.8272	-4.68556
-17.8187	-2.88312
-15.6206	-2.25197
-5.87029	-7.06206
-7.45335	-12.5371
-8.11712	-8.09286
-7.43214	-7.62382
-9.37363	-12.0811
-11.6757	-12.2396
-10.8821	-2.68255
-7.48479	-6.77284
-3.72584	-6.33765
-5.83942	-7.61673
-6.78055	-7.0136
-3.58346	-9.76554
-3.23469	-6.71722
-5.53859	-7.81494
4.95083	-12.507
2.39538	-15.4079
5.30304	-26.8352
4.57463	-30.3756
2.12849	-32.8248
1.66205	-32.4267
1.79749	-32.0914
2.36318	-30.016
1.32525	-31.1894
-0.297975	-26.1635
-6.60996	-13.8822
-3.64195	-22.8426
-8.13049	-25.7281
-11.7092	-29.4109
-11.531	-27.8984
-7.9248	-28.689
-8.20466	-25.8899
-8.73389	-20.7965
-11.557	-17.5306
-12.2765	-13.9303
-7.51449	-6.91093
-0.0993314	-12.5848
-6.36503	-15.2654
-8.43488	-13.6427
-7.62258	-19.0162
-3.28143	-14.1001
-5.72698	-18.6139
-1.55119	-10.299
-5.04491	-7.8112
-11.4978	-9.45842
-7.99668	-6.07939
-6.84265	-2.22822
-8.49271	0.104743
-8.25264	-4.22264
-6.5135	-4.01565
-9.60771	-12.1992
-7.58027	-13.5392
-3.9334	-3.71143
-6.29128	-6.87488
-8.10319	-4.67134
-2.01567	-15.4515
-3.81039	-14.4825
0.121781	-20.3856
0.548346	-16.6438
3.36898	-14.2848
2.65141	-18.4274
3.2616	-18.998
-0.840374	-23.638
-6.559	-24.1212
-6.43533	-31.0019
-8.07518	-31.983
-10.2618	-30.193
-12.6915	-31.3631
-14.0582	-31.4689
-13.9777	-32.2134
-13.7367	-33.6529
-15.6576	-36.853
-15.5978	-33.3839
-15.4635	-31.6283
-14.095	-28.6898
-11.9371	-26.5303
-14.7168	-21.0404
-13.3218	-23.4727
-7.68576	-13.2811
-7.58852	-20.945
-9.29908	-22.4561
-8.30735	-28.2162
-4.0125	-17.7365
-6.10278	-7.84153
-6.64961	-6.90287
-8.5651	-11.7625
-11.4504	-13.4753
-12.3804	-11.6465
-2.93349	-8.61575
-6.49687	-10.4605
-3.9974	-11.9643
4.19266	-8.25828
6.06689	-14.646
-2.30212	-6.61334
-5.19986	-9.07073
-3.7285	-10.4807
-3.10019	-4.40083
5.0144	-7.74689
-0.359068	-16.2777
-8.63369	-25.5356
-13.9978	-24.9849
-14.7086	-17.9339
-10.7836	-19.4511
-4.71882	-12.3903
-1.80684	-6.60888
-5.5604	-3.2431
-6.46263	-10.6239
-3.56272	-8.97894
-6.44434	-9.53952
-8.78919	-8.5316
-5.36496	-15.5894
1.75959	-11.0751
-12.3781	-10.3958
-13.0767	-16.6113
-13.563	-6.10133
-14.587	-4.08491
-11.8384	-2.95921
-3.93845	-4.56192
-1.76128	-2.12341
-3.62727	-2.69852
-5.05022	-3.16457
-1.96702	-3.05897
-6.68906	-6.39125
-0.95118	-9.16368
-9.91098	-16.3397
-5.29901	-11.7824
-4.57935	-7.44887
-2.63465	-2.89698
4.06962	-0.457186
7.84243	-14.6034
0.6157	-26.1447
-8.26419	-20.6535
-7.27476	-19.184
-4.68339	-18.9295
-2.25703	-12.7248
-0.705656	-13.1999
-5.74328	-10.9495
-8.90295	-6.18234
-2.54101	-16.4118
2.49064	-22.0832
-0.0571755	-30.5272
-8.42946	-34.484
-12.5991	-34.5706
-11.6879	-32.1455
-12.0828	-31.1129
-11.2339	-32.7199
-8.00495	-32.3464
-3.54905	-27.7148
-0.513107	-22.3551
-6.53077	-22.0943
-7.45519	-21.859
-10.1503	-13.2063
-9.24301	-3.82277
-10.7043	-18.9683
-11.9326	-20.7348
-8.4094	-18.8695
-9.2549	-17.9532
-10.4969	-19.6504
-7.59561	-22.5857
-2.47444	-17.987
-0.216064	-11.5789
1.9491	-7.96021
0.221499	-9.81591
-2.59635	-9.71217
-0.338699	-7.37578
4.68779	-9.50873
-0.179173	-13.5485
0.348336	-6.84019
-1.9483	-10.2199
-7.74427	-22.1142
-12.6021	-23.0347
-11.9647	-21.3857
-12.4306	-21.9732
-11.1335	-20.8862
-11.6657	-20.4618
-5.51173	-20.0626
-8.14859	-17.9868
-12.8965	-20.6318
-11.9032	-18.0894
-11.1152	-14.6625
-10.1909	-15.1571
-10.1424	-14.1849
-7.77294	-19.2244
-4.44144	-15.461
-7.94561	-17.0319
-2.76712	-7.8138
-5.11633	-5.68071
-6.44175	-5.0114
-6.27428	-10.7128
-5.71823	-10.9788
-5.67292	-7.57697
-4.24833	-6.65883
-6.83759	-5.84627
-8.50624	-9.79245
-6.19207	-8.91094
-1.83079	-11.0744
-1.54474	-7.98981
-3.61236	-10.402
-1.60286	-7.12609
-6.66077	-9.55666
-14.4136	-18.0139
-6.48351	-10.4907
-7.70598	-14.2865
-8.53071	-14.6372
-7.37306	-12.1839
-4.72594	-13.0699
-5.003	-12.548
-5.17482	-13.9629
-6.88739	-16.4708
-8.17867	-15.3746
-7.758	-17.6772
-5.56886	-21.5842
-5.80046	-11.5274
-2.80946	-4.20015
-4.96701	-8.3063
-7.07619	-14.764
-8.97539	-7.26901
-8.13177	-11.8718
-7.78034	-12.139
-5.46503	-9.39436
-8.31435	-4.18102
-9.88841	-9.44286
-1.26867	-8.74039
-1.20112	-5.63754
-1.42477	-4.85833
2.86546	-1.98601
-2.03016	-5.18687
-5.03005	-8.6481
-3.7678	-12.405
-0.525046	-9.77948
-0.874454	-8.62091
2.96267	-8.43377
-0.457542	-18.2578
3.20235	-19.9065
4.33025	-25.527
1.38693	-22.5296
2.92664	-19.7633
0.179765	-19.4757
-0.327775	-21.6976
-1.98445	-20.0854
-1.01487	-21.2081
0.4283	-22.4503
2.53398	-23.9265
4.90213	-21.8664
7.64337	-26.7729
6.18846	-31.1776
-4.35273	-24.5639
-6.69968	-21.8902
-6.19285	-18.425
-7.48986	-16.4868
-7.98621	-16.552
-6.22749	-16.8407
-7.4502	-20.2878
-3.55776	-21.4435
0.797591	-25.0613
4.95893	-26.3333
4.55231	-26.0977
3.40413	-24.2926
1.73492	-21.6927
3.72641	-19.4235
-3.06093	-12.5198
-2.1419	-9.59627
-15.1168	-7.03723
-9.3837	-15.9917
-6.88952	-21.5315
-7.49466	-25.0662
-8.18275	-26.0346
-6.50516	-25.8678
-6.24304	-25.6153
-1.80262	-21.273
3.19796	-13.9611
0.995299	-8.22513
-6.73094	-8.6426
-7.39956	-18.533
-12.8541	-14.336
-8.21129	-19.1923
-5.48562	-13.9467
-9.21722	-16.292
-3.91592	-21.7282
-6.05518	-24.0423
-10.3167	-27.0308
-16.7365	-26.2009
-17.1391	-22.3171
-17.8061	-19.3427
-13.1248	-19.421
-7.4683	-20.921
-1.52627	-23.9849
-2.5667	-24.0264
-1.23705	-22.5189
-1.79537	-21.8431
-2.92492	-15.3324
-0.25043	-12.4074
0.37923	-21.8934
-9.73679	-19.0947
-7.61976	-8.97263
-5.39471	-7.94605
-10.4499	-13.2123
-1.49296	-7.10297
-12.7074	-20.0935
-11.4376	-24.6672
-13.9231	-24.0252
-12.362	-24.1615
-5.05597	-23.5117
1.72002	-16.6529
-1.79586	-19.216
0.152935	-18.5931
-2.93173	-18.7505
-7.88901	-23.4289
-12.0751	-24.0352
-12.4347	-20.7746
-11.6872	-16.2129
-11.1132	-11.7796
-12.6873	-9.41087
-13.7811	-8.46476
-0.825167	-18.6386
3.69339	-19.8963
-1.57868	-14.1693
-0.752059	-15.1088
-1.20235	-17.8255
-14.0376	-14.3783
-13.0906	-5.91143
-10.3253	-7.15178
-9.49441	-12.095
-10.0579	-14.8519
-6.57645	-18.8261
0.860946	-15.0994
3.42749	-11.5814
0.0728596	-7.09516
-4.64075	-12.2195
-4.66594	-6.36179
-6.52615	-12.4913
-5.01836	-19.2879
-4.20943	-8.89894
-11.5417	-17.2607
-9.67337	-18.692
-10.5958	-23.5561
-10.3419	-21.6988
-9.17015	-18.67
-10.8651	-18.9299
-10.3102	-19.0805
-9.9638	-16.6218
-9.65872	-15.4683
-10.5166	-19.2799
-10.8955	-18.0725
-13.0889	-19.399
-14.7206	-19.2495
-10.7127	-19.9439
-6.20993	-22.147
-6.83208	-15.2641
-5.01295	-14.9649
-7.55096	-22.9469
-9.05433	-18.5068
-13.9684	-18.0429
-13.9788	-17.5281
-14.7213	-19.2207
-17.7257	-12.574
-17.5494	-9.89267
-5.44501	-1.21937
-2.37904	-5.6598
-5.10733	-8.11534
-10.0098	-9.02204
-8.84519	-9.77992
-11.0277	-9.41076
-9.87803	-12.9544
-8.87689	-18.0401
-8.55419	-17.1106
-8.26772	-16.3002
-7.7794	-17.1128
-6.41773	-16.069
-5.15958	-14.739
-4.37684	-15.2877
-5.05147	-14.1568
-0.639313	-17.5335
3.37168	-22.3284
6.01343	-23.0463
4.14675	-23.1097
4.3239	-21.5777
5.75832	-18.8482
-1.6226	-16.7274
-5.76326	-12.2852
-10.6349	-7.17727
-10.9808	-4.98875
-10.9236	-4.78147
-11.3102	-4.87084
-12.0025	-5.75989
-11.402	-8.50329
-8.28002	-11.476
-5.68887	-15.3107
0.0593168	-16.0492
6.51571	-12.341
0.00191851	-6.79777
-7.55263	-14.325
-4.24878	-19.191
0.866162	-9.19453
-3.86603	-4.34364
-5.78993	-8.26523
-2.36484	-10.7978
-4.99899	-10.2613
-6.30727	-12.3411
-6.92449	-9.27477
-11.26	-10.0701
-5.72288	-6.32644
-8.7105	-7.72818
-6.38487	-10.5876
-9.92311	-15.8615
-1.09916	-22.1521
-11.1242	-25.9399
-11.8058	-29.4526
-12.9641	-30.6989
-12.8153	-30.3401
-13.1656	-29.1697
-13.3608	-29.7688
-12.0527	-30.6262
-10.4981	-31.509
-5.05272	-30.9787
-4.50427	-28.3723
-7.02476	-21.3353
-6.84445	-19.7241
-6.07164	-16.1754
-6.27414	-13.1688
-3.56353	-17.9822
-0.961991	-12.1565
-2.70451	-13.6478
3.7306	-9.09021
-4.56485	-10.8903
-9.15941	-17.7934
-13.6469	-16.7542
-13.4856	-15.2231
-10.6815	-11.9059
-10.8017	-10.5056
-10.065	-10.3102
-12.2324	-10.562
-12.5674	-11.1382
-10.6204	-15.5794
-11.2182	-15.6681
-10.0165	-16.1123
-9.55897	-14.9703
-9.77055	-13.399
-9.65456	-13.2837
-11.7244	-14.7438
-6.76845	-13.1779
-1.80334	-12.8345
3.32659	-5.5166
-1.2962	-6.11898
-12.0958	-10.5178
-8.26633	-7.67323
-6.6561	-10.133
-1.78474	-1.50462
-0.188236	-1.86643
-2.34608	-16.2305
0.767916	-15.7058
-3.57098	-17.4577
0.762694	-16.882
1.66435	-10.4213
-2.2837	-16.2287
2.6331	-15.0263
3.98743	-12.3748
-13.4507	-11.8215
-15.0643	-10.5178
-11.7826	-9.52632
-10.4288	-7.56616
-7.77382	-8.37096
-7.36852	-6.41653
-6.27845	-7.72536
-7.81875	-7.90687
-10.8281	-8.09535
-10.8861	-11.769
-9.84134	-15.3845
-6.80004	-18.2871
-0.306597	-24.5435
0.461531	-19.7214
-0.443692	-10.4372
3.40928	-8.91159
6.21243	-13.7704
7.42389	-14.5196
6.37669	-10.9173
7.86536	-12.4355
6.39759	-10.2756
-0.212777	-12.0764
-6.63041	-9.30824
-8.06136	-4.01419
-9.23142	0.157633
-7.637	1.01556
-4.46439	-0.760076
-4.81382	1.99624
-3.95256	0.649441
-2.46387	-2.02061
-4.08373	-2.20771
-1.75087	-5.68781
4.27105	-6.99681
5.05195	-7.15934
2.09378	-1.63774
4.73848	-1.13458
-7.10157	-2.81848
-11.7513	-10.9114
-9.08198	-0.780835
-12.7838	-7.71611
-13.7773	-4.61744
-18.6364	-2.88392
-11.0589	-10.3907
-10.1298	-11.7423
-8.02626	-8.69791
-6.00119	-8.95869
-4.68756	-8.53097
-7.11423	-9.11407
-6.886	-5.70169
-7.83097	-7.77808
-1.58894	-5.97188
-6.38651	-7.13129
-11.0639	-5.63838
-6.84012	-14.9197
-4.24403	-9.73165
-7.05745	-6.74963
-1.97108	-4.39409
-3.5867	-1.51981
-1.50683	-6.81413
-4.20777	-7.07153
-2.24809	-3.12062
-1.20789	-2.42161
-3.55248	-6.23279
-2.6348	-3.69424
-0.437391	-0.444376
-2.56477	-9.10033
2.33149	-1.96734
-2.93275	-5.97894
-5.51916	-5.04053
3.2478	-1.85028
-2.72275	-10.7449
-2.49452	-1.353
1.38828	-7.25249
2.14222	-6.61581
-3.66382	-7.76186
-0.382414	-14.0456
1.93294	-20.1909
-4.84951	-30.2
-5.59919	-29.3515
-8.25737	-27.9438
-13.4434	-24.7396
-11.578	-22.0677
-11.6135	-20.8612
-10.7672	-22.6974
-9.42429	-25.6795
-4.7638	-23.5949
-4.66959	-18.9822
-3.12451	-12.4763
-14.632	-12.5029
-8.85021	-10.8784
-9.22187	-16.5407
-8.77465	-28.0521
-11.573	-33.1917
-8.77008	-31.2463
-9.5976	-30.0296
-9.03132	-29.5666
-9.27526	-29.0042
-10.095	-25.7851
-12.5808	-26.1842
-11.5519	-22.5607
-13.084	-22.3481
-11.7813	-21.1222
-13.3686	-18.6335
-10.7931	-13.425
-1.03001	-9.33069
-0.285866	-16.96
-5.3998	-16.4011
-9.94623	-15.6401
-6.09704	-13.7543
-3.61639	-13.4233
-2.83793	-10.56
-11.2492	-11.8595
-12.3854	-15.3712
-10.4321	-16.6187
-10.5788	-18.9089
-10.8563	-20.7859
-13.8791	-23.211
-14.4064	-28.4869
-6.20533	-19.7655
-3.83681	-16.9603
-4.90592	-26.1155
-11.6916	-30.4434
-15.0524	-30.122
-16.2486	-30.3705
-14.3945	-30.0935
-13.433	-31.2373
-14.7553	-30.7805
-16.2266	-32.7266
-11.6919	-35.0899
-10.0264	-35.2443
-6.90126	-29.5524
-11.2735	-23.3943
-14.7164	-27.484
-19.2459	-29.1219
-18.466	-33.3311
-18.3582	-30.4834
-21.5406	-33.2397
-17.3565	-31.2051
-15.4549	-29.9463
-18.7193	-32.2478
-21.6186	-33.973
-19.6152	-31.7351
-21.1588	-36.1584
-21.3948	-35.0925
-19.2854	-30.1971
-18.7518	-29.612
-22.6324	-24.7768
-21.8818	-25.6732
-21.2157	-27.7259
-15.5338	-31.6998
-11.5062	-31.4401
-9.92088	-32.5096
-5.75932	-29.5641
-3.16417	-28.3938
1.07144	-26.0506
-11.6694	-13.5787
-1.22976	-13.2562
-1.75639	-15.8039
-14.583	-7.81116
-9.5989	-11.1231
-9.32724	-11.767
-7.03556	-9.64974
-11.5693	-6.45653
0.581947	-13.4334
-1.75191	-6.10695
-7.69391	-11.4081
-3.81525	-2.89939
-3.60243	-10.2971
-3.24155	-14.0788
0.899604	-16.161
-5.73596	-21.3174
-12.1295	-19.3622
-14.6271	-16.6881
-15.5865	-15.7098
-13.2982	-15.6909
-7.96161	-16.9753
-6.27213	-19.0576
-3.71668	-14.135
-1.94098	-12.2727
-4.50177	-11.9983
-14.0867	-17.1249
-13.7376	-9.46325
-12.0744	-6.51571
-8.5299	-11.7257
-8.53199	-1.79541
-7.86715	-7.27295
-7.627	-12.2122
-9.40132	-13.8766
-5.28632	-11.6608
-2.40285	-9.95454
-1.3635	-9.76809
-8.25306	-12.7348
-4.82716	-10.658
-5.0295	-11.6356
-7.98957	-21.5957
-0.767315	-15.4298
-0.306956	-10.8169
-2.11382	-20.6908
-6.42659	-31.6011
-8.11971	-33.2296
-10.4445	-32.5802
-10.5021	-32.0946
-10.3377	-28.8989
-9.69836	-26.7155
-11.3123	-24.1414
-8.75358	-23.8084
-5.41438	-20.2751
2.48124	-15.9115
5.56733	-21.1711
7.99404	-27.2544
5.79459	-27.7652
4.13993	-27.6073
3.53265	-28.7085
-0.600145	-16.9594
-0.987507	-21.8548
-0.438237	-14.5249
-2.59142	-18.35
-0.128858	-15.4036
-0.109562	-11.763
2.79057	-13.2167
3.44661	-12.672
-0.885421	-13.1511
-13.9676	-10.1531
-3.92313	-3.55306
-8.85537	-5.39758
-8.95934	-3.28748
-11.9151	-9.55371
-8.79511	-6.99994
-6.2389	-4.63012
-7.04376	-4.8811
-8.12337	-6.52362
-7.56246	-8.19994
-5.84896	-3.29775
-11.5697	-7.23029
-8.73236	-2.2058
-7.51601	-7.33207
-9.6394	-4.28533
-9.65181	-8.96732
-9.46776	-8.67164
-12.5527	-6.78676
-12.4072	-7.84709
-9.60364	-9.46895
-15.1876	-8.81402
-1.63635	-1.90163
-5.74322	-8.62574
-3.95364	-9.20271
-3.2828	-10.6507
-2.61506	-3.80102
-8.30968	-7.71356
-8.20508	-10.293
-9.94642	-9.43454
-4.30007	-7.09553
-9.61313	-13.0025
-8.80935	-6.01033
-4.77187	-11.4432
-5.45978	-11.6328
-0.909671	-7.14303
6.63541	-11.4105
1.13921	-9.3698
5.57059	-11.5901
-1.08842	-11.2179
2.72186	-9.22224
6.51614	-9.9503
2.89415	-13.6259
-1.85189	-6.99602
0.5864	-7.99496
-1.90069	-8.52036
-0.837522	-10.9478
-1.26895	-6.11067
-1.50489	-15.3733
-2.311	-11.6357
-0.346269	-8.3576
-11.1096	-11.9771
-12.3371	-16.9548
-6.69148	-15.4861
-8.34217	-12.8898
-8.55357	-15.3719
-7.82672	-8.5941
-1.91667	-11.6213
-8.46223	-17.6903
-3.38418	-8.11271
-10.3554	-17.3102
-3.41562	-18.8467
-10.2541	-11.1692
-2.56036	-8.07572
-8.83533	-16.195
-8.1714	-11.1652
-0.577971	-16.5392
-5.64597	-16.6501
-5.34478	-12.4733
-4.75251	-14.4602
-2.88303	-10.5677
-4.43235	-11.0646
-6.50472	-16.9739
-4.30503	-12.3146
-5.82714	-14.2722
-7.00638	-17.4436
-8.53894	-13.577
-8.27564	-14.7181
-5.483	-13.9286
-4.01959	-16.0716
-14.4945	-9.22421
-9.26163	-8.77452
-2.6302	-11.3895
-6.07034	-15.8686
-5.84686	-12.4222
-6.31369	-10.0477
-3.76677	-12.9798
-1.70456	-17.4548
-3.18395	-10.1094
-4.64988	-12.9571
-3.21532	-5.23084
3.07932	-9.08618
1.84092	-10.6079
-1.27398	-7.24516
2.8634	-15.1218
7.12666	-25.8647
3.35729	-17.1752
3.67815	-22.2078
-4.46084	-23.5083
-10.955	-27.8073
-8.64435	-24.0108
-8.65861	-24.1616
-9.71834	-23.8492
-7.74988	-22.225
-7.90123	-22.0256
-3.71272	-13.7129
2.6812	-8.56131
-0.775741	-18.2129
-2.11423	-12.7687
-3.85426	-6.40587
-1.7418	-16.1478
-15.1807	-19.7392
-24.1452	-10.8253
-21.7706	-13.9548
-20.9667	-12.8042
-20.1292	-11.2472
-16.2473	-9.61448
-5.92606	-14.5433
-1.73128	-13.7726
-3.51458	-7.41056
-5.05236	-12.3071
-3.62135	-11.6926
-1.72049	-9.47583
2.5549	-13.0558
2.34363	-9.81725
0.535955	-14.8702
3.09603	-7.10251
-3.94831	-18.4512
-5.52991	-14.7278
-4.74483	-12.0224
-11.2767	-13.7557
-9.12885	-15.9175
-7.3142	-17.8125
-6.94251	-19.5009
-7.0967	-21.2011
-9.92646	-23.8045
-11.715	-25.3917
-11.431	-25.3153
-6.17798	-21.2154
-3.0935	-17.9153
-2.62031	-18.0375
-2.31533	-18.4342
-1.28668	-19.5447
1.19263	-22.4704
-2.27376	-23.1886
-12.5557	-17.4515
-17.2258	-16.4015
-19.7102	-17.6085
-22.4505	-15.7812
-21.3757	-17.3029
-24.4344	-15.5593
-25.3848	-14.1272
-24.2272	-17.8724
-21.247	-20.0972
-21.2144	-22.0608
-18.3148	-22.8491
-16.2825	-23.654
-13.6091	-19.5128
-11.0789	-19.0024
-10.5758	-19.3842
-9.40036	-16.4213
-8.37502	-17.1453
-7.6929	-15.9983
-8.5846	-15.6069
-9.30118	-17.4314
-10.7398	-19.5195
-12.0529	-19.8106
-13.704	-19.7285
-14.2489	-22.1708
-15.5855	-22.8415
-16.1911	-23.5094
-15.8434	-25.9747
-15.543	-25.4329
-17.2571	-27.0786
-18.0537	-28.7019
-17.6254	-27.9552
-19.3087	-29.4777
-18.8387	-29.6121
-18.7684	-30.2232
-16.5219	-30.6691
-7.14076	-27.7126
-6.16749	-23.478
-7.07521	-16.3847
-10.177	-28.984
-15.7734	-34.1693
-17.4664	-31.9934
-17.7868	-30.2479
-16.6514	-28.9449
-14.9497	-29.9865
-15.1457	-29.8385
-13.4402	-32.466
-13.1399	-31.1415
-15.4439	-33.7243
-12.1801	-34.8831
-15.6671	-39.158
-15.6269	-35.2329
-11.9753	-34.5289
-14.1224	-29.0573
-11.1558	-22.3172
-10.724	-20.4268
-5.80966	-18.4115
-6.57967	-21.6171
-4.06711	-18.052
-5.66874	-16.1713
-8.81086	-9.4851
-7.10833	-12.712
-11.0773	-18.6491
-8.36439	-13.5203
-6.48024	-19.737
-3.14464	-7.47304
-2.81574	-10.1667
-3.88684	-10.9225
-5.58752	-8.44215
-5.2391	-11.4009
-10.3437	-12.7576
-15.0427	-25.1079
-18.8773	-31.3533
-17.3169	-33.6437
-14.7427	-31.5115
-13.6487	-31.7227
-12.3827	-33.1312
-14.5997	-34.281
-14.1836	-33.0019
-16.2817	-34.4483
-16.5294	-28.9106
-14.0687	-28.0303
-10.1331	-27.8819
-11.4421	-24.7756
-9.52645	-17.5855
-3.00179	-16.7157
-5.51801	-12.5406
-13.8194	-19.2387
-7.0592	-10.3853
-6.04227	-14.9731
-3.83693	-16.6515
-5.3047	-14.4187
-7.12326	-14.5027
-7.51407	-13.6375
-7.2918	-14.1348
-3.67026	-22.6374
-0.22526	-17.563
-1.09821	-21.2691
-3.73868	-16.5741
-5.02923	-21.2315
-4.951	-14.86
-12.7659	-20.1435
-14.8793	-25.787
-13.7292	-25.6452
-15.8247	-30.5477
-15.2512	-32.8956
-14.9517	-29.8271
-11.1167	-30.0454
-11.1468	-28.5213
-9.09714	-32.3033
-8.05252	-29.9283
-8.00631	-29.5157
-8.83917	-27.2518
-2.11556	-29.9065
3.55759	-22.7625
1.90774	-18.3684
0.831639	-14.4124
5.9848	-15.8478
-0.445142	-14.4536
-2.91091	-14.8397
-8.86524	-18.8669
-6.15525	-18.2691
-6.36378	-14.1837
-6.20333	-13.4079
-2.63443	-13.2633
-5.81604	-15.1015
-2.41567	-14.8832
-2.39039	-10.8257
-0.944116	-10.7829
-5.17379	-8.21754
0.67111	-11.1425
-1.92628	-20.1202
0.226529	-25.7287
4.47749	-30.3501
8.17291	-31.7269
9.55274	-25.9816
2.54503	-33.505
-7.02724	-24.4092
-7.15745	-16.9886
-6.30658	-15.2026
-6.07344	-14.504
-5.83522	-13.0765
-4.62647	-11.1263
-3.68377	-10.0726
-3.29516	-9.5269
-3.56109	-10.0786
-3.23641	-8.77629
1.17037	-11.9218
4.87133	-22.9223
2.71624	-21.6468
3.36673	-20.8984
1.84997	-19.9449
1.52992	-17.4157
4.87435	-26.0717
3.36719	-20.9393
2.06684	-22.1015
2.80264	-19.5735
2.66185	-13.0912
-10.0212	-10.3736
-15.4303	-6.67512
-4.27217	-10.7437
-6.98565	-10.0628
-3.79875	-9.94855
-5.62646	-9.26287
-4.97572	-3.76333
-14.4677	-10.0038
-11.1635	-9.15799
-9.60205	-4.68065
-3.65791	-5.52422
-2.44727	-8.40954
-0.963425	-3.31394
-3.38911	-11.8739
-1.20936	-7.22194
-1.46733	-9.61368
-6.39702	-11.0405
-2.49056	-6.41433
-2.21693	-1.34863
-4.54741	-4.13459
0.334673	-11.7633
-3.22384	-13.6473
-2.53551	-7.27814
-5.10784	-9.35698
-0.71291	-4.1942
-1.19117	-7.62751
-4.79415	-5.53636
-5.84589	-1.34563
-0.937174	-3.82762
-3.76438	-9.94904
-2.27198	-5.52044
-10.342	-2.09219
-7.02592	-4.26091
-6.07727	-7.29554
-4.98388	-6.03801
-6.01603	-5.63931
-6.11368	-2.9821
-4.19947	-7.01892
-1.78352	-5.52898
-3.27004	-7.29775
-8.16522	-8.08044
-5.61825	-4.02511
-6.41462	-6.32743
-4.04873	-9.588
-4.73534	-8.15867
-7.80259	-10.0407
-6.22362	-9.18287
-1.61808	-10.7104
-1.40456	-11.2299
-1.43349	-14.1954
0.0893624	-19.2454
-3.55336	-10.0505
0.197441	-10.4897
-1.40156	-15.1333
-3.1319	-15.5145
3.14032	-12.0543
-2.08585	-14.042
-1.12246	-9.10015
-1.91353	-13.6391
-5.40641	-9.73735
-1.4512	-16.4961
0.671797	-17.695
-1.25869	-8.9411
-7.52601	-12.9553
-6.7097	-9.28127
-6.20774	-12.494
-2.03766	-8.46298
-4.35762	-8.272
-0.58081	-7.47699
-5.10249	-5.06757
-3.28006	-3.22834
-4.62966	-5.55543
-0.374047	-6.77463
-1.14349	-6.50084
-3.46976	-10.6182
-7.63832	-6.11836
-0.718618	-11.7206
0.936051	-15.2736
0.886153	-7.66708
3.08582	-7.94862
-2.52108	-21.5498
-4.30281	-20.8064
-5.76123	-19.5638
-11.2334	-15.6429
-7.25375	-22.1161
-5.2002	-22.4599
-8.8046	-24.6635
-11.6116	-20.5177
-11.1566	-18.001
-11.8692	-18.0399
-10.7127	-18.3188
-9.10803	-21.059
-7.69202	-20.9259
-6.08375	-23.1734
-5.4261	-12.6127
-7.92068	-9.19755
-10.706	-8.74594
-12.1984	-5.39205
-9.02203	-3.9659
-14.7503	-2.42229
-16.1322	-2.03354
-13.5268	-4.74571
-16.3126	-3.51782
-13.9236	-11.4586
-11.2535	-16.4213
-9.87147	-16.9602
-10.6457	-14.318
-6.41673	-18.1274
-3.87891	-16.8189
-3.65678	-13.4741
-0.937634	-5.10856
-2.72441	-9.12214
-4.81422	-7.3461
-7.68895	-3.24176
-14.0795	-6.59344
-14.7473	-7.26629
-5.3761	-6.25507
-7.43024	-3.03774
-3.26131	-4.20182
-16.145	-15.7472
-19.4235	-12.1223
-15.9691	-10.1583
-8.71001	-13.3776
-4.30094	-13.466
-0.359879	-14.8472
1.21545	-15.8431
6.18762	-20.3492
6.36357	-20.5109
8.00917	-26.033
13.1567	-26.591
7.34091	-17.0394
4.3899	-14.2704
1.47748	-10.3126
-1.03102	-8.67842
-2.40476	-7.67568
-5.31694	-4.55832
-6.27821	-17.0208
-6.94154	-21.4738
-11.4051	-22.5595
-11.4504	-18.6547
-10.3371	-15.9107
-9.10233	-13.7443
-8.46739	-12.6036
-7.50901	-12.5006
-8.69797	-12.9794
-10.0005	-12.8456
-11.7452	-17.2064
-11.5689	-19.3693
-11.5842	-20.2235
-9.89803	-23.8121
-12.2467	-19.5834
-10.743	-23.1236
-13.0031	-22.1847
-12.938	-18.762
-12.773	-23.8639
-13.6389	-21.5806
-12.9842	-19.7387
-12.5599	-21.8907
-12.9672	-18.6253
-14.0028	-22.5417
-14.4245	-20.2072
-12.0641	-21.5478
-14.5915	-20.6912
-12.8681	-20.4449
-14.5533	-15.2992
-16.563	-13.3898
-15.3935	-13.2733
-7.32998	-6.57489
-10.9941	-11.8243
-9.00894	-6.49217
-4.96844	-11.4286
-5.88607	-9.57438
0.910882	-18.8171
-4.81012	-29.1315
-6.56022	-31.405
-8.32598	-30.6927
-7.69865	-28.2541
-7.79374	-29.7367
-10.6237	-27.7052
-10.9891	-27.9567
-10.3937	-29.3668
-10.2233	-29.0992
-8.56495	-26.8623
-5.81447	-28.0197
-3.62642	-28.7612
-1.83346	-26.1564
0.0162021	-24.6778
3.24683	-22.4105
1.249	-14.3436
-1.38781	-12.0223
-6.2583	-5.71918
-1.30873	-5.21359
-4.8659	-6.41936
-4.23118	-10.5515
-1.06419	-5.46949
-0.42177	-10.6345
0.867319	-9.68185
4.64933	-13.7468
8.40399	-21.3112
10.1872	-24.0918
7.90528	-23.0714
7.54349	-21.1315
4.42697	-18.3772
-3.48293	-14.8329
-4.99498	-19.4117
-8.77162	-20.0822
-9.43026	-17.826
-9.45172	-17.3081
-8.33981	-15.974
-7.57325	-15.225
-6.94459	-14.4382
-4.32567	-12.3667
-3.23081	-11.1707
-2.54045	-8.66678
-2.43163	-8.42616
-4.33429	-8.28412
-5.51368	-8.58195
-3.85785	-10.6279
4.90751	-17.0794
6.76092	-19.8063
5.99279	-23.5754
5.59673	-26.7522
4.02867	-25.9015
4.75473	-26.5758
5.15934	-27.639
3.82298	-28.5936
-4.47403	-23.093
-8.59305	-23.6967
-9.55411	-22.8781
-11.0028	-16.196
-7.42515	-16.0505
-5.06932	-17.9401
-9.65376	-25.0241
-10.8436	-25.2336
-9.46472	-22.7453
-9.73173	-22.9517
-8.46178	-22.8312
-8.26755	-23.053
-7.80247	-22.5657
-9.46294	-16.3202
-8.25952	-10.362
-7.10543	-8.1956
-4.65555	-10.5862
-4.37498	-10.6602
-8.08861	-12.5639
-12.5049	-16.4701
-8.7481	-7.44545
-8.53699	-8.68418
-10.1606	-15.5715
4.57614	-16.7648
-8.31071	-21.1626
-7.82133	-17.9765
-7.93799	-16.1732
-9.62031	-15.3534
-6.96991	-16.8859
-1.00767	-18.8344
0.771445	-21.0158
-2.46146	-15.9987
-2.39461	-20.1641
-0.906991	-17.8842
0.449305	-13.6018
-3.24517	-9.67623
-7.76771	-13.8281
-5.24492	-14.1421
-10.7339	-9.92482
-3.0215	-15.1058
-5.43014	-15.554
-4.55337	-10.3345
-10.8882	-5.408
-5.14575	-20.5326
-1.9953	-24.5692
-1.5246	-27.7115
-2.09689	-30.8894
-2.99817	-31.7181
-5.55927	-31.9097
-5.77798	-31.7156
-6.02113	-31.3106
-4.36152	-31.9191
-2.48031	-31.0161
-1.94666	-28.6875
-3.48015	-22.0596
-7.73791	-16.6676
-8.67582	-14.0393
-11.5354	-10.8919
-13.5569	-7.99235
-13.6295	-7.8339
-5.2262	-14.3996
-12.4762	-2.28463
-9.55588	-3.55904
-3.1046	-1.90419
2.44596	5.09289
3.44074	1.81853
0.110837	1.15568
-4.57575	0.470658
-9.33804	-6.1503
-3.60742	-6.21604
-2.23639	-2.55169
-3.70568	-7.89967
-1.81731	-7.32799
1.12982	-2.34766
-3.46365	-2.34239
1.63054	-0.938405
3.9827	-3.33457
-2.0288	-6.25696
-2.44087	-6.77829
-1.48574	-1.8601
-3.92025	-4.11212
-3.00004	-6.16812
-5.63433	-4.88625
-2.01008	-2.03505
-7.28184	-8.45656
-3.02447	-5.0306
-2.94027	-0.849796
-0.360213	-1.10979
-4.26591	-8.35004
-2.77233	-7.6553
-4.28196	-3.31204
